PBN	Read	Write	Erase
0	1084	60	1
1	244	38	1
2	509	27	1
3	241	55	1
4	241	52	1
5	1153	67	1
6	217	35	1
7	1153	67	1
8	167	32	0
9	1153	67	1
10	169	32	0
11	120	25	0
12	1153	67	1
13	171	32	0
14	1153	67	1
15	171	32	0
16	1153	67	1
17	208	35	1
18	1153	67	1
19	170	32	0
20	611	33	1
21	248	52	1
22	1153	67	1
23	206	35	1
24	1153	67	1
25	176	32	0
26	1153	67	1
27	172	32	0
28	1153	67	1
29	171	32	0
30	1153	67	1
31	172	32	0
32	1153	67	1
33	177	32	0
34	1153	67	1
35	165	32	0
36	246	61	1
37	101	4	1
38	66	13	0
39	103	5	1
40	1153	67	1
41	171	32	0
42	1153	67	1
43	172	32	0
44	1153	67	1
45	172	32	0
46	1153	67	1
47	173	32	0
48	1153	67	1
49	176	32	0
50	1153	67	1
51	169	32	0
52	1153	67	1
53	177	32	0
54	1153	67	1
55	167	32	0
56	1153	67	1
57	177	32	0
58	1153	67	1
59	168	32	0
60	1153	67	1
61	166	32	0
62	1153	67	1
63	169	32	0
64	1153	67	1
65	171	32	0
66	1153	67	1
67	173	32	0
68	1153	67	1
69	170	32	0
70	1153	67	1
71	173	32	0
72	1153	67	1
73	173	32	0
74	1153	67	1
75	166	32	0
76	1153	67	1
77	176	32	0
78	1153	67	1
79	172	32	0
80	1153	67	1
81	178	32	0
82	1153	67	1
83	176	32	0
84	1153	67	1
85	174	32	0
86	1153	67	1
87	174	32	0
88	1153	67	1
89	177	32	0
90	1153	67	1
91	170	32	0
92	1153	67	1
93	178	32	0
94	1153	67	1
95	175	32	0
96	1153	67	1
97	173	32	0
98	1153	67	1
99	170	32	0
100	1153	67	1
101	174	32	0
102	1153	67	1
103	169	32	0
104	1153	67	1
105	167	32	0
106	1153	67	1
107	166	32	0
108	1153	67	1
109	167	32	0
110	1153	67	1
111	168	32	0
112	1470	90	1
113	175	32	0
114	1153	67	1
115	177	32	0
116	2069	116	2
117	173	32	0
118	1153	67	1
119	173	32	0
120	1153	67	1
121	167	32	0
122	1153	67	1
123	170	32	0
124	1153	67	1
125	173	32	0
126	1153	67	1
127	173	32	0
128	1153	67	1
129	172	32	0
130	1153	67	1
131	173	32	0
132	1153	67	1
133	165	32	0
134	1153	67	1
135	177	32	0
136	1153	67	1
137	170	32	0
138	1153	67	1
139	167	32	0
140	1153	67	1
141	169	32	0
142	1153	67	1
143	167	32	0
144	1153	67	1
145	173	32	0
146	1153	67	1
147	169	32	0
148	1153	67	1
149	170	32	0
150	1153	67	1
151	178	32	0
152	1153	67	1
153	171	32	0
154	1153	67	1
155	170	32	0
156	1153	67	1
157	176	32	0
158	1153	67	1
159	174	32	0
160	1153	67	1
161	177	32	0
162	1153	67	1
163	169	32	0
164	1153	67	1
165	176	32	0
166	1153	67	1
167	166	32	0
168	1153	67	1
169	166	32	0
170	1153	67	1
171	174	32	0
172	1153	67	1
173	172	32	0
174	1153	67	1
175	176	32	0
176	1153	67	1
177	169	32	0
178	1153	67	1
179	165	32	0
180	1153	67	1
181	168	32	0
182	1153	67	1
183	169	32	0
184	1153	67	1
185	173	32	0
186	1153	67	1
187	166	32	0
188	1153	67	1
189	174	32	0
190	1153	67	1
191	169	32	0
192	1153	67	1
193	169	32	0
194	1153	67	1
195	169	32	0
196	1153	67	1
197	166	32	0
198	1153	67	1
199	171	32	0
200	1153	67	1
201	169	32	0
202	1153	67	1
203	166	32	0
204	1153	67	1
205	165	32	0
206	1153	67	1
207	169	32	0
208	1153	67	1
209	172	32	0
210	1153	67	1
211	168	32	0
212	1153	67	1
213	170	32	0
214	1153	67	1
215	166	32	0
216	1153	67	1
217	174	32	0
218	1153	67	1
219	179	32	0
220	1153	67	1
221	164	32	0
222	1153	67	1
223	172	32	0
224	1153	67	1
225	167	32	0
226	1153	67	1
227	169	32	0
228	1153	67	1
229	165	32	0
230	1153	67	1
231	161	32	0
232	1153	67	1
233	167	32	0
234	1153	67	1
235	167	32	0
236	1153	67	1
237	168	32	0
238	1153	67	1
239	170	32	0
240	1153	67	1
241	182	32	0
242	1153	67	1
243	177	32	0
244	1153	67	1
245	178	32	0
246	1153	67	1
247	168	32	0
248	1153	67	1
249	169	32	0
250	1153	67	1
251	172	32	0
252	1153	67	1
253	171	32	0
254	1153	67	1
255	168	32	0
256	1153	67	1
257	180	32	0
258	1153	67	1
259	171	32	0
260	1153	67	1
261	176	32	0
262	1153	67	1
263	167	32	0
264	1153	67	1
265	166	32	0
266	1153	67	1
267	170	32	0
268	1153	67	1
269	164	32	0
270	1153	67	1
271	178	32	0
272	1153	67	1
273	173	32	0
274	1153	67	1
275	171	32	0
276	1153	67	1
277	175	32	0
278	1153	67	1
279	177	32	0
280	1153	67	1
281	172	32	0
282	1153	67	1
283	171	32	0
284	1153	67	1
285	164	32	0
286	1153	67	1
287	178	32	0
288	1151	66	1
289	169	32	0
290	190	52	0
291	101	4	1
292	242	44	1
293	1153	67	1
294	176	32	0
295	1153	67	1
296	174	32	0
297	1153	67	1
298	173	32	0
299	1153	67	1
300	171	32	0
301	1153	67	1
302	179	32	0
303	1153	67	1
304	170	32	0
305	1153	67	1
306	174	32	0
307	1153	67	1
308	173	32	0
309	1153	67	1
310	170	32	0
311	1153	67	1
312	175	32	0
313	1153	67	1
314	167	32	0
315	1153	67	1
316	170	32	0
317	1153	67	1
318	171	32	0
319	1153	67	1
320	164	32	0
321	1153	67	1
322	170	32	0
323	1153	67	1
324	171	32	0
325	1153	67	1
326	171	32	0
327	1153	67	1
328	171	32	0
329	1153	67	1
330	169	32	0
331	1153	67	1
332	173	32	0
333	1153	67	1
334	171	32	0
335	1153	67	1
336	171	32	0
337	1153	67	1
338	160	32	0
339	1153	67	1
340	181	32	0
341	1153	67	1
342	176	32	0
343	1153	67	1
344	172	32	0
345	1153	67	1
346	169	32	0
347	1153	67	1
348	175	32	0
349	1153	67	1
350	170	32	0
351	1153	67	1
352	161	32	0
353	1153	67	1
354	172	32	0
355	1153	67	1
356	176	32	0
357	1153	67	1
358	171	32	0
359	1153	67	1
360	175	32	0
361	1153	67	1
362	172	32	0
363	1153	67	1
364	175	32	0
365	1153	67	1
366	171	32	0
367	1153	67	1
368	174	32	0
369	1153	67	1
370	173	32	0
371	1153	67	1
372	169	32	0
373	1153	67	1
374	172	32	0
375	1153	67	1
376	173	32	0
377	1153	67	1
378	166	32	0
379	1153	67	1
380	166	32	0
381	1153	67	1
382	180	32	0
383	1153	67	1
384	174	32	0
385	1153	67	1
386	172	32	0
387	1153	67	1
388	172	32	0
389	1153	67	1
390	170	32	0
391	1153	67	1
392	172	32	0
393	1153	67	1
394	175	32	0
395	1153	67	1
396	166	32	0
397	1153	67	1
398	175	32	0
399	1153	67	1
400	174	32	0
401	1153	67	1
402	174	32	0
403	1153	67	1
404	176	32	0
405	1153	67	1
406	178	32	0
407	1153	67	1
408	169	32	0
409	1153	67	1
410	173	32	0
411	1153	67	1
412	168	32	0
413	1153	67	1
414	171	32	0
415	1186	68	1
416	180	32	0
417	1153	67	1
418	169	32	0
419	1186	68	1
420	178	32	0
421	1743	105	2
422	214	35	1
423	1153	67	1
424	176	32	0
425	1186	68	1
426	171	32	0
427	1153	67	1
428	167	32	0
429	1745	106	2
430	166	32	0
431	1153	67	1
432	170	32	0
433	1207	69	1
434	172	32	0
435	1153	67	1
436	168	32	0
437	1743	105	2
438	170	32	0
439	1153	67	1
440	168	32	0
441	1650	102	2
442	205	35	1
443	1153	67	1
444	176	32	0
445	1681	103	2
446	172	32	0
447	1153	67	1
448	171	32	0
449	1743	105	2
450	167	32	0
451	1153	67	1
452	172	32	0
453	1712	104	2
454	166	32	0
455	1153	67	1
456	208	35	1
457	1712	104	2
458	174	32	0
459	1153	67	1
460	169	32	0
461	1743	105	2
462	166	32	0
463	1153	67	1
464	166	32	0
465	1712	104	2
466	177	32	0
467	1153	67	1
468	177	32	0
469	1153	67	1
470	171	32	0
471	1666	104	1
472	174	32	0
473	1153	67	1
474	167	32	0
475	1190	99	1
476	176	32	0
477	1153	67	1
478	181	32	0
479	1236	100	1
480	171	32	0
481	1153	67	1
482	172	32	0
483	1153	67	1
484	171	32	0
485	1153	67	1
486	178	32	0
487	1153	67	1
488	168	32	0
489	1153	67	1
490	171	32	0
491	1153	67	1
492	171	32	0
493	1153	67	1
494	171	32	0
495	1153	67	1
496	175	32	0
497	1153	67	1
498	170	32	0
499	1153	67	1
500	174	32	0
501	1153	67	1
502	168	32	0
503	1153	67	1
504	174	32	0
505	1153	67	1
506	174	32	0
507	1153	67	1
508	169	32	0
509	1153	67	1
510	171	32	0
511	1153	67	1
512	167	32	0
513	1153	67	1
514	174	32	0
515	1153	67	1
516	167	32	0
517	1151	66	1
518	176	32	0
519	1151	66	1
520	170	32	0
521	1151	66	1
522	171	32	0
523	1151	66	1
524	180	32	0
525	1151	66	1
526	166	32	0
527	1151	66	1
528	179	32	0
529	1151	66	1
530	166	32	0
531	1151	66	1
532	172	32	0
533	1151	66	1
534	179	32	0
535	1151	66	1
536	217	35	1
537	1151	66	1
538	174	32	0
539	103	5	1
540	866	51	0
541	139	25	0
542	1151	66	1
543	176	32	0
544	1151	66	1
545	172	32	0
546	1010	59	0
547	154	29	0
548	1151	66	1
549	177	32	0
550	1151	66	1
551	170	32	0
552	218	14	0
553	33	7	0
554	1151	66	1
555	174	32	0
556	1151	66	1
557	171	32	0
558	1151	66	1
559	176	32	0
560	1151	66	1
561	173	32	0
562	1151	66	1
563	166	32	0
564	1151	66	1
565	177	32	0
566	1151	66	1
567	171	32	0
568	1151	66	1
569	170	32	0
570	1151	66	1
571	174	32	0
572	434	26	0
573	66	13	0
574	508	31	0
575	73	15	0
576	1151	66	1
577	170	32	0
578	1151	66	1
579	178	32	0
580	1151	66	1
581	170	32	0
582	218	14	0
583	36	7	0
584	103	5	1
585	103	5	1
586	1151	66	1
587	175	32	0
588	246	53	1
589	2	1	0
590	2	1	0
591	2	1	0
592	2	1	0
593	2	1	0
594	2	1	0
595	2	1	0
596	2	1	0
597	2	1	0
598	2	1	0
599	2	1	0
600	2	1	0
601	2	1	0
602	2	1	0
603	2	1	0
604	2	1	0
605	2	1	0
606	2	1	0
607	2	1	0
608	2	1	0
609	2	1	0
610	2	1	0
611	2	1	0
612	2	1	0
613	2	1	0
614	2	1	0
615	2	1	0
616	2	1	0
617	2	1	0
618	2	1	0
619	49	17	0
620	6	2	0
621	193	51	0
622	235	53	1
623	246	54	1
624	241	53	1
625	246	54	1
626	236	54	1
627	247	53	1
628	245	55	1
629	242	56	1
630	238	36	1
631	35	2	0
632	1153	64	1
633	470	28	0
634	247	53	1
635	321	38	1
636	134	44	0
637	759	53	0
638	103	5	1
639	639	49	1
