PBN	Read	Write	Erase
0	238	11	1
1	2	2	0
2	167	6	1
3	167	6	1
4	244	62	1
5	240	64	1
6	240	64	1
7	104	19	0
8	22	7	0
9	45	17	0
10	43	13	0
11	122	12	0
12	34	8	0
13	31	16	0
14	29	15	0
15	31	16	0
16	31	16	0
17	29	15	0
18	26	14	0
19	25	13	0
20	22	12	0
21	63	10	0
22	246	65	1
23	49	14	0
24	102	18	0
25	31	7	0
26	31	16	0
27	31	16	0
28	31	16	0
29	31	16	0
30	31	16	0
31	31	16	0
32	75	16	0
33	44	14	0
34	96	15	0
35	29	7	0
36	31	16	0
37	31	16	0
38	31	16	0
39	31	16	0
40	31	16	0
41	31	16	0
42	31	16	0
43	171	14	0
44	79	21	0
45	31	16	0
46	31	16	0
47	31	16	0
48	31	16	0
49	31	16	0
50	31	16	0
51	73	15	0
52	46	14	0
53	246	65	1
54	98	16	0
55	25	7	0
56	31	16	0
57	31	16	0
58	31	16	0
59	31	16	0
60	31	16	0
61	67	12	0
62	46	14	0
63	104	19	0
64	243	63	1
65	141	42	0
66	29	7	0
67	31	16	0
68	29	15	0
69	31	16	0
70	31	16	0
71	31	16	0
72	31	16	0
73	75	16	0
74	49	14	0
75	94	14	0
76	27	7	0
77	31	16	0
78	27	14	0
79	31	16	0
80	31	16	0
81	31	16	0
82	31	16	0
83	31	16	0
84	31	16	0
85	77	17	0
86	42	14	0
87	94	14	0
88	28	7	0
89	31	16	0
90	31	16	0
91	31	16	0
92	31	16	0
93	31	16	0
94	31	16	0
95	135	13	0
96	243	65	1
97	68	18	0
98	33	17	0
99	11	3	0
100	31	16	0
101	31	16	0
102	31	16	0
103	31	16	0
104	31	16	0
105	31	16	0
106	31	16	0
107	135	13	0
108	67	18	0
109	33	17	0
110	12	3	0
111	31	16	0
112	31	16	0
113	31	16	0
114	31	16	0
115	31	16	0
116	31	16	0
117	31	16	0
118	45	17	0
119	186	7	1
120	42	13	0
121	246	63	1
122	122	12	0
123	30	8	0
124	31	16	0
125	31	16	0
126	31	16	0
127	31	16	0
128	31	16	0
129	31	16	0
130	31	16	0
131	31	16	0
132	135	13	0
133	65	18	0
134	246	65	1
135	34	17	0
136	12	3	0
137	31	16	0
138	31	16	0
139	31	16	0
140	31	16	0
141	31	16	0
142	31	16	0
143	31	16	0
144	31	16	0
145	79	18	0
146	45	14	0
147	90	12	0
148	238	63	1
149	29	7	0
150	31	16	0
151	31	16	0
152	31	16	0
153	31	16	0
154	31	16	0
155	31	16	0
156	31	16	0
157	31	16	0
158	169	13	0
159	76	21	0
160	31	16	0
161	29	15	0
162	31	16	0
163	31	16	0
164	31	16	0
165	31	16	0
166	31	16	0
167	31	16	0
168	31	16	0
169	75	16	0
170	46	14	0
171	90	12	0
172	29	7	0
173	245	65	1
174	21	11	0
175	25	13	0
176	23	12	0
177	25	13	0
178	31	16	0
179	28	15	0
180	31	16	0
181	31	16	0
182	31	16	0
183	31	16	0
184	31	16	0
185	69	13	0
186	44	14	0
187	100	17	0
188	26	7	0
189	31	16	0
190	29	15	0
191	28	15	0
192	29	15	0
193	29	15	0
194	31	16	0
195	31	16	0
196	31	16	0
197	31	16	0
198	31	16	0
199	169	13	0
200	76	21	0
201	29	15	0
202	29	15	0
203	29	15	0
204	29	15	0
205	31	16	0
206	28	15	0
207	31	16	0
208	31	16	0
209	31	16	0
210	31	16	0
211	79	18	0
212	45	14	0
213	238	63	1
214	90	12	0
215	27	7	0
216	241	65	1
217	31	16	0
218	31	16	0
219	31	16	0
220	31	16	0
221	31	16	0
222	31	16	0
223	31	16	0
224	31	16	0
225	135	13	0
226	69	18	0
227	34	17	0
228	11	3	0
229	31	16	0
230	31	16	0
231	31	16	0
232	29	15	0
233	31	16	0
234	31	16	0
235	31	16	0
236	69	13	0
237	45	14	0
238	102	18	0
239	239	63	1
240	25	7	0
241	31	16	0
242	31	16	0
243	31	16	0
244	31	16	0
245	31	16	0
246	77	17	0
247	46	14	0
248	92	13	0
249	26	7	0
250	31	16	0
251	31	16	0
252	31	16	0
253	31	16	0
254	31	16	0
255	31	16	0
256	31	16	0
257	67	12	0
258	242	65	1
259	46	14	0
260	102	18	0
261	28	7	0
262	31	16	0
263	31	16	0
264	31	16	0
265	31	16	0
266	31	16	0
267	31	16	0
268	31	16	0
269	65	11	0
270	45	14	0
271	101	18	0
272	25	7	0
273	31	16	0
274	31	16	0
275	31	16	0
276	31	16	0
277	31	16	0
278	31	16	0
279	31	16	0
280	133	12	0
281	65	18	0
282	33	17	0
283	10	3	0
284	31	16	0
285	31	16	0
286	29	15	0
287	27	14	0
288	25	13	0
289	24	13	0
290	25	13	0
291	27	14	0
292	29	15	0
293	31	16	0
294	77	17	0
295	237	65	1
296	47	14	0
297	141	42	0
298	90	12	0
299	25	7	0
300	25	13	0
301	23	12	0
302	25	13	0
303	23	12	0
304	27	14	0
305	27	14	0
306	25	13	0
307	27	14	0
308	25	13	0
309	31	16	0
310	31	16	0
311	31	16	0
312	135	13	0
313	60	18	0
314	33	17	0
315	10	3	0
316	31	16	0
317	31	16	0
318	31	16	0
319	31	16	0
320	31	16	0
321	77	17	0
322	47	14	0
323	94	14	0
324	66	20	0
325	23	7	0
326	31	16	0
327	31	16	0
328	31	16	0
329	31	16	0
330	31	16	0
331	31	16	0
332	101	12	0
333	58	17	0
334	73	23	0
335	66	17	0
336	12	4	0
337	31	16	0
338	31	16	0
339	31	16	0
340	31	16	0
341	31	16	0
342	31	16	0
343	31	16	0
344	31	16	0
345	65	12	0
346	38	12	0
347	96	15	0
348	24	7	0
349	25	13	0
350	25	13	0
351	27	14	0
352	26	14	0
353	25	13	0
354	29	15	0
355	29	15	0
356	30	16	0
357	31	16	0
358	29	15	0
359	0	0	0
360	0	0	0
361	0	0	0
362	0	0	0
363	0	0	0
364	0	0	0
365	0	0	0
366	0	0	0
367	0	0	0
368	0	0	0
369	0	0	0
370	0	0	0
371	0	0	0
372	0	0	0
373	0	0	0
374	0	0	0
375	0	0	0
376	0	0	0
377	0	0	0
378	0	0	0
379	0	0	0
380	0	0	0
381	0	0	0
382	0	0	0
383	0	0	0
384	0	0	0
385	0	0	0
386	0	0	0
387	0	0	0
388	0	0	0
389	0	0	0
390	0	0	0
391	0	0	0
392	0	0	0
393	0	0	0
394	0	0	0
395	0	0	0
396	0	0	0
397	0	0	0
398	0	0	0
399	0	0	0
400	0	0	0
401	0	0	0
402	0	0	0
403	0	0	0
404	0	0	0
405	0	0	0
406	0	0	0
407	0	0	0
408	0	0	0
409	0	0	0
410	0	0	0
411	0	0	0
412	0	0	0
413	0	0	0
414	0	0	0
415	0	0	0
416	0	0	0
417	0	0	0
418	0	0	0
419	0	0	0
420	0	0	0
421	0	0	0
422	0	0	0
423	0	0	0
424	0	0	0
425	0	0	0
426	0	0	0
427	0	0	0
428	0	0	0
429	0	0	0
430	0	0	0
431	0	0	0
432	0	0	0
433	0	0	0
434	0	0	0
435	0	0	0
436	0	0	0
437	0	0	0
438	0	0	0
439	0	0	0
440	0	0	0
441	0	0	0
442	0	0	0
443	0	0	0
444	0	0	0
445	0	0	0
446	0	0	0
447	0	0	0
448	0	0	0
449	0	0	0
450	0	0	0
451	0	0	0
452	0	0	0
453	0	0	0
454	0	0	0
455	0	0	0
456	0	0	0
457	0	0	0
458	0	0	0
459	0	0	0
460	0	0	0
461	0	0	0
462	0	0	0
463	0	0	0
464	0	0	0
465	0	0	0
466	0	0	0
467	0	0	0
468	0	0	0
469	0	0	0
470	0	0	0
471	0	0	0
472	0	0	0
473	0	0	0
474	0	0	0
475	0	0	0
476	0	0	0
477	0	0	0
478	0	0	0
479	0	0	0
480	0	0	0
481	0	0	0
482	0	0	0
483	0	0	0
484	0	0	0
485	0	0	0
486	0	0	0
487	0	0	0
488	0	0	0
489	0	0	0
490	0	0	0
491	0	0	0
492	0	0	0
493	0	0	0
494	0	0	0
495	0	0	0
496	0	0	0
497	0	0	0
498	0	0	0
499	0	0	0
500	0	0	0
501	0	0	0
502	0	0	0
503	0	0	0
504	0	0	0
505	0	0	0
506	0	0	0
507	0	0	0
508	0	0	0
509	0	0	0
510	0	0	0
511	0	0	0
512	0	0	0
513	0	0	0
514	0	0	0
515	0	0	0
516	0	0	0
517	0	0	0
518	0	0	0
519	0	0	0
520	0	0	0
521	0	0	0
522	0	0	0
523	0	0	0
524	0	0	0
525	0	0	0
526	0	0	0
527	0	0	0
528	0	0	0
529	0	0	0
530	0	0	0
531	0	0	0
532	0	0	0
533	0	0	0
534	0	0	0
535	0	0	0
536	0	0	0
537	0	0	0
538	0	0	0
539	0	0	0
540	0	0	0
541	0	0	0
542	0	0	0
543	0	0	0
544	0	0	0
545	0	0	0
546	0	0	0
547	0	0	0
548	0	0	0
549	0	0	0
550	0	0	0
551	0	0	0
552	0	0	0
553	0	0	0
554	0	0	0
555	0	0	0
556	0	0	0
557	0	0	0
558	0	0	0
559	0	0	0
560	0	0	0
561	0	0	0
562	0	0	0
563	0	0	0
564	0	0	0
565	0	0	0
566	0	0	0
567	0	0	0
568	0	0	0
569	0	0	0
570	0	0	0
571	0	0	0
572	0	0	0
573	0	0	0
574	0	0	0
575	0	0	0
576	0	0	0
577	0	0	0
578	0	0	0
579	0	0	0
580	0	0	0
581	0	0	0
582	0	0	0
583	0	0	0
584	0	0	0
585	0	0	0
586	0	0	0
587	0	0	0
588	0	0	0
589	0	0	0
590	0	0	0
591	0	0	0
592	0	0	0
593	0	0	0
594	0	0	0
595	0	0	0
596	0	0	0
597	0	0	0
598	0	0	0
599	0	0	0
600	0	0	0
601	0	0	0
602	0	0	0
603	0	0	0
604	0	0	0
605	0	0	0
606	0	0	0
607	0	0	0
608	2	1	0
609	59	7	0
610	2	1	0
611	91	12	0
612	2	1	0
613	170	8	1
614	2	1	0
615	113	8	0
616	2	1	0
617	170	8	1
618	2	1	0
619	239	13	1
620	2	1	0
621	170	8	1
622	2	1	0
623	236	9	1
624	2	1	0
625	170	8	1
626	2	1	0
627	237	11	1
628	2	1	0
629	170	8	1
630	2	1	0
631	170	8	1
632	2	1	0
633	113	6	0
634	2	1	0
635	235	9	1
636	2	1	0
637	170	8	1
638	2	1	0
639	170	8	1
