PBN	Read	Write	Erase
0	1084	60	1
1	627	38	1
2	509	27	1
3	627	55	1
4	627	52	1
5	1153	67	1
6	596	35	1
7	1153	67	1
8	528	32	0
9	1153	67	1
10	528	32	0
11	278	25	0
12	1153	67	1
13	528	32	0
14	1153	67	1
15	528	32	0
16	1153	67	1
17	596	35	1
18	1153	67	1
19	528	32	0
20	611	33	1
21	627	52	1
22	1153	67	1
23	596	35	1
24	1153	67	1
25	528	32	0
26	1153	67	1
27	528	32	0
28	1153	67	1
29	528	32	0
30	1153	67	1
31	528	32	0
32	1153	67	1
33	528	32	0
34	1153	67	1
35	528	32	0
36	625	61	1
37	101	4	1
38	91	13	0
39	103	5	1
40	1153	67	1
41	528	32	0
42	1153	67	1
43	528	32	0
44	1153	67	1
45	528	32	0
46	1153	67	1
47	528	32	0
48	1153	67	1
49	528	32	0
50	1153	67	1
51	528	32	0
52	1153	67	1
53	528	32	0
54	1153	67	1
55	528	32	0
56	1153	67	1
57	528	32	0
58	1153	67	1
59	528	32	0
60	1153	67	1
61	528	32	0
62	1153	67	1
63	528	32	0
64	1153	67	1
65	528	32	0
66	1153	67	1
67	528	32	0
68	1153	67	1
69	528	32	0
70	1153	67	1
71	528	32	0
72	1153	67	1
73	528	32	0
74	1153	67	1
75	528	32	0
76	1153	67	1
77	528	32	0
78	1153	67	1
79	528	32	0
80	1153	67	1
81	528	32	0
82	1153	67	1
83	528	32	0
84	1153	67	1
85	528	32	0
86	1153	67	1
87	528	32	0
88	1153	67	1
89	528	32	0
90	1153	67	1
91	528	32	0
92	1153	67	1
93	528	32	0
94	1153	67	1
95	528	32	0
96	1153	67	1
97	528	32	0
98	1153	67	1
99	528	32	0
100	1153	67	1
101	528	32	0
102	1153	67	1
103	528	32	0
104	1153	67	1
105	528	32	0
106	1153	67	1
107	528	32	0
108	1153	67	1
109	528	32	0
110	1153	67	1
111	528	32	0
112	1470	90	1
113	528	32	0
114	1153	67	1
115	528	32	0
116	2069	116	2
117	528	32	0
118	1153	67	1
119	528	32	0
120	1153	67	1
121	528	32	0
122	1153	67	1
123	528	32	0
124	1153	67	1
125	528	32	0
126	1153	67	1
127	528	32	0
128	1153	67	1
129	528	32	0
130	1153	67	1
131	528	32	0
132	1153	67	1
133	528	32	0
134	1153	67	1
135	528	32	0
136	1153	67	1
137	528	32	0
138	1153	67	1
139	528	32	0
140	1153	67	1
141	528	32	0
142	1153	67	1
143	528	32	0
144	1153	67	1
145	528	32	0
146	1153	67	1
147	528	32	0
148	1153	67	1
149	528	32	0
150	1153	67	1
151	528	32	0
152	1153	67	1
153	528	32	0
154	1153	67	1
155	528	32	0
156	1153	67	1
157	528	32	0
158	1153	67	1
159	528	32	0
160	1153	67	1
161	528	32	0
162	1153	67	1
163	528	32	0
164	1153	67	1
165	528	32	0
166	1153	67	1
167	528	32	0
168	1153	67	1
169	528	32	0
170	1153	67	1
171	528	32	0
172	1153	67	1
173	528	32	0
174	1153	67	1
175	528	32	0
176	1153	67	1
177	528	32	0
178	1153	67	1
179	528	32	0
180	1153	67	1
181	528	32	0
182	1153	67	1
183	528	32	0
184	1153	67	1
185	528	32	0
186	1153	67	1
187	528	32	0
188	1153	67	1
189	528	32	0
190	1153	67	1
191	528	32	0
192	1153	67	1
193	528	32	0
194	1153	67	1
195	528	32	0
196	1153	67	1
197	528	32	0
198	1153	67	1
199	528	32	0
200	1153	67	1
201	528	32	0
202	1153	67	1
203	528	32	0
204	1153	67	1
205	528	32	0
206	1153	67	1
207	528	32	0
208	1153	67	1
209	528	32	0
210	1153	67	1
211	528	32	0
212	1153	67	1
213	528	32	0
214	1153	67	1
215	528	32	0
216	1153	67	1
217	528	32	0
218	1153	67	1
219	528	32	0
220	1153	67	1
221	528	32	0
222	1153	67	1
223	528	32	0
224	1153	67	1
225	528	32	0
226	1153	67	1
227	528	32	0
228	1153	67	1
229	528	32	0
230	1153	67	1
231	528	32	0
232	1153	67	1
233	528	32	0
234	1153	67	1
235	528	32	0
236	1153	67	1
237	528	32	0
238	1153	67	1
239	528	32	0
240	1153	67	1
241	528	32	0
242	1153	67	1
243	528	32	0
244	1153	67	1
245	528	32	0
246	1153	67	1
247	528	32	0
248	1153	67	1
249	528	32	0
250	1153	67	1
251	528	32	0
252	1153	67	1
253	528	32	0
254	1153	67	1
255	528	32	0
256	1153	67	1
257	528	32	0
258	1153	67	1
259	528	32	0
260	1153	67	1
261	528	32	0
262	1153	67	1
263	528	32	0
264	1153	67	1
265	528	32	0
266	1153	67	1
267	528	32	0
268	1153	67	1
269	528	32	0
270	1153	67	1
271	528	32	0
272	1153	67	1
273	528	32	0
274	1153	67	1
275	528	32	0
276	1153	67	1
277	528	32	0
278	1153	67	1
279	528	32	0
280	1153	67	1
281	528	32	0
282	1153	67	1
283	528	32	0
284	1153	67	1
285	528	32	0
286	1153	67	1
287	528	32	0
288	1151	66	1
289	528	32	0
290	487	52	0
291	101	4	1
292	627	44	1
293	1153	67	1
294	528	32	0
295	1153	67	1
296	528	32	0
297	1153	67	1
298	528	32	0
299	1153	67	1
300	528	32	0
301	1153	67	1
302	528	32	0
303	1153	67	1
304	528	32	0
305	1153	67	1
306	528	32	0
307	1153	67	1
308	528	32	0
309	1153	67	1
310	528	32	0
311	1153	67	1
312	528	32	0
313	1153	67	1
314	528	32	0
315	1153	67	1
316	528	32	0
317	1153	67	1
318	528	32	0
319	1153	67	1
320	528	32	0
321	1153	67	1
322	528	32	0
323	1153	67	1
324	528	32	0
325	1153	67	1
326	528	32	0
327	1153	67	1
328	528	32	0
329	1153	67	1
330	528	32	0
331	1153	67	1
332	528	32	0
333	1153	67	1
334	528	32	0
335	1153	67	1
336	528	32	0
337	1153	67	1
338	528	32	0
339	1153	67	1
340	528	32	0
341	1153	67	1
342	528	32	0
343	1153	67	1
344	528	32	0
345	1153	67	1
346	528	32	0
347	1153	67	1
348	528	32	0
349	1153	67	1
350	528	32	0
351	1153	67	1
352	528	32	0
353	1153	67	1
354	528	32	0
355	1153	67	1
356	528	32	0
357	1153	67	1
358	528	32	0
359	1153	67	1
360	528	32	0
361	1153	67	1
362	528	32	0
363	1153	67	1
364	528	32	0
365	1153	67	1
366	528	32	0
367	1153	67	1
368	528	32	0
369	1153	67	1
370	528	32	0
371	1153	67	1
372	528	32	0
373	1153	67	1
374	528	32	0
375	1153	67	1
376	528	32	0
377	1153	67	1
378	528	32	0
379	1153	67	1
380	528	32	0
381	1153	67	1
382	528	32	0
383	1153	67	1
384	528	32	0
385	1153	67	1
386	528	32	0
387	1153	67	1
388	528	32	0
389	1153	67	1
390	528	32	0
391	1153	67	1
392	528	32	0
393	1153	67	1
394	528	32	0
395	1153	67	1
396	528	32	0
397	1153	67	1
398	528	32	0
399	1153	67	1
400	528	32	0
401	1153	67	1
402	528	32	0
403	1153	67	1
404	528	32	0
405	1153	67	1
406	528	32	0
407	1153	67	1
408	528	32	0
409	1153	67	1
410	528	32	0
411	1153	67	1
412	528	32	0
413	1153	67	1
414	528	32	0
415	1186	68	1
416	528	32	0
417	1153	67	1
418	528	32	0
419	1186	68	1
420	528	32	0
421	1743	105	2
422	596	35	1
423	1153	67	1
424	528	32	0
425	1186	68	1
426	528	32	0
427	1153	67	1
428	528	32	0
429	1745	106	2
430	528	32	0
431	1153	67	1
432	528	32	0
433	1207	69	1
434	528	32	0
435	1153	67	1
436	528	32	0
437	1743	105	2
438	528	32	0
439	1153	67	1
440	528	32	0
441	1650	102	2
442	596	35	1
443	1153	67	1
444	528	32	0
445	1681	103	2
446	528	32	0
447	1153	67	1
448	528	32	0
449	1743	105	2
450	528	32	0
451	1153	67	1
452	528	32	0
453	1712	104	2
454	528	32	0
455	1153	67	1
456	596	35	1
457	1712	104	2
458	528	32	0
459	1153	67	1
460	528	32	0
461	1743	105	2
462	528	32	0
463	1153	67	1
464	528	32	0
465	1712	104	2
466	528	32	0
467	1153	67	1
468	528	32	0
469	1153	67	1
470	528	32	0
471	1666	104	1
472	528	32	0
473	1153	67	1
474	528	32	0
475	1190	99	1
476	528	32	0
477	1153	67	1
478	528	32	0
479	1236	100	1
480	528	32	0
481	1153	67	1
482	528	32	0
483	1153	67	1
484	528	32	0
485	1153	67	1
486	528	32	0
487	1153	67	1
488	528	32	0
489	1153	67	1
490	528	32	0
491	1153	67	1
492	528	32	0
493	1153	67	1
494	528	32	0
495	1153	67	1
496	528	32	0
497	1153	67	1
498	528	32	0
499	1153	67	1
500	528	32	0
501	1153	67	1
502	528	32	0
503	1153	67	1
504	528	32	0
505	1153	67	1
506	528	32	0
507	1153	67	1
508	528	32	0
509	1153	67	1
510	528	32	0
511	1153	67	1
512	528	32	0
513	1153	67	1
514	528	32	0
515	1153	67	1
516	528	32	0
517	1151	66	1
518	528	32	0
519	1151	66	1
520	528	32	0
521	1151	66	1
522	528	32	0
523	1151	66	1
524	528	32	0
525	1151	66	1
526	528	32	0
527	1151	66	1
528	528	32	0
529	1151	66	1
530	528	32	0
531	1151	66	1
532	528	32	0
533	1151	66	1
534	528	32	0
535	1151	66	1
536	596	35	1
537	1151	66	1
538	528	32	0
539	103	5	1
540	866	51	0
541	325	25	0
542	1151	66	1
543	528	32	0
544	1151	66	1
545	528	32	0
546	1010	59	0
547	435	29	0
548	1151	66	1
549	528	32	0
550	1151	66	1
551	528	32	0
552	218	14	0
553	28	7	0
554	1151	66	1
555	528	32	0
556	1151	66	1
557	528	32	0
558	1151	66	1
559	528	32	0
560	1151	66	1
561	528	32	0
562	1151	66	1
563	528	32	0
564	1151	66	1
565	528	32	0
566	1151	66	1
567	528	32	0
568	1151	66	1
569	528	32	0
570	1151	66	1
571	528	32	0
572	434	26	0
573	91	13	0
574	508	31	0
575	120	15	0
576	1151	66	1
577	528	32	0
578	1151	66	1
579	528	32	0
580	1151	66	1
581	528	32	0
582	218	14	0
583	28	7	0
584	103	5	1
585	103	5	1
586	1151	66	1
587	528	32	0
588	627	53	1
589	2	1	0
590	2	1	0
591	2	1	0
592	2	1	0
593	2	1	0
594	2	1	0
595	2	1	0
596	2	1	0
597	2	1	0
598	2	1	0
599	2	1	0
600	2	1	0
601	2	1	0
602	2	1	0
603	2	1	0
604	2	1	0
605	2	1	0
606	2	1	0
607	2	1	0
608	2	1	0
609	2	1	0
610	2	1	0
611	2	1	0
612	2	1	0
613	2	1	0
614	2	1	0
615	2	1	0
616	2	1	0
617	2	1	0
618	2	1	0
619	54	17	0
620	3	2	0
621	548	51	0
622	627	53	1
623	627	54	1
624	627	53	1
625	627	54	1
626	627	54	1
627	627	53	1
628	627	55	1
629	627	56	1
630	627	36	1
631	35	2	0
632	1153	64	1
633	470	28	0
634	627	53	1
635	321	38	1
636	276	44	0
637	759	53	0
638	103	5	1
639	639	49	1
