PBN	Read	Write	Erase
0	1205	69	1
1	2006	151	3
2	184	13	0
3	21	6	0
4	1320	73	2
5	1320	73	2
6	1155	97	1
7	1155	97	1
8	700	92	1
9	862	58	2
10	1590	89	2
11	746	62	1
12	1480	153	3
13	381	30	0
14	2304	133	2
15	2437	150	3
16	960	101	1
17	1256	72	2
18	348	48	0
19	1862	105	2
20	1494	104	1
21	1243	125	2
22	1383	117	2
23	262	31	0
24	1190	99	1
25	528	32	0
26	1681	99	1
27	528	32	0
28	3108	182	3
29	528	32	0
30	2304	133	2
31	528	32	0
32	2320	147	2
33	528	32	0
34	1681	99	1
35	528	32	0
36	1332	103	1
37	528	32	0
38	2304	133	2
39	528	32	0
40	1338	88	2
41	1635	112	2
42	1383	132	2
43	704	84	1
44	1132	91	2
45	1096	99	1
46	266	35	0
47	503	38	0
48	1406	105	1
49	528	32	0
50	1681	99	1
51	528	32	0
52	1381	102	2
53	528	32	0
54	1862	104	2
55	528	32	0
56	2422	146	2
57	528	32	0
58	1778	115	2
59	528	32	0
60	1610	106	2
61	2138	146	3
62	1155	97	1
63	1096	103	1
64	1450	78	2
65	1662	119	2
66	655	62	1
67	25	10	0
68	55	10	0
69	1792	115	2
70	528	32	0
71	1778	131	2
72	528	32	0
73	1381	102	2
74	528	32	0
75	1154	68	1
76	528	32	0
77	1332	103	1
78	528	32	0
79	1778	117	2
80	528	32	0
81	1406	105	1
82	528	32	0
83	1830	103	2
84	1155	82	1
85	1155	97	1
86	1155	79	1
87	1155	85	1
88	98	20	0
89	1724	96	2
90	528	32	0
91	1270	71	1
92	528	32	0
93	1778	119	2
94	528	32	0
95	1918	113	2
96	528	32	0
97	1171	75	1
98	528	32	0
99	1381	102	2
100	528	32	0
101	1966	108	2
102	1254	82	2
103	733	80	1
104	1252	117	2
105	1112	58	2
106	1254	107	2
107	62	17	0
108	1155	77	1
109	1155	97	1
110	3	2	0
111	1333	94	1
112	528	32	0
113	1666	112	1
114	528	32	0
115	1154	68	1
116	528	32	0
117	1390	78	2
118	528	32	0
119	1778	110	2
120	528	32	0
121	1862	104	2
122	1155	81	1
123	627	64	1
124	375	50	0
125	631	68	1
126	1155	83	1
127	1112	57	2
128	1252	106	2
129	266	35	0
130	381	30	0
131	1957	116	2
132	528	32	0
133	1156	69	1
134	528	32	0
135	1381	102	2
136	528	32	0
137	2304	133	2
138	528	32	0
139	1792	115	2
140	528	32	0
141	1681	99	1
142	528	32	0
143	1608	100	2
144	1252	94	2
145	1778	131	2
146	1778	125	2
147	1042	53	2
148	1252	108	2
149	1778	123	2
150	25	10	0
151	106	15	0
152	1332	103	1
153	528	32	0
154	2304	133	2
155	528	32	0
156	1550	109	1
157	528	32	0
158	1681	99	1
159	528	32	0
160	1348	102	1
161	528	32	0
162	2304	133	2
163	528	32	0
164	1381	102	2
165	528	32	0
166	1681	99	1
167	528	32	0
168	1579	90	1
169	1778	105	2
170	855	100	2
171	1382	103	2
172	1101	62	1
173	1778	119	2
174	1383	123	2
175	106	15	0
176	1823	108	2
177	528	32	0
178	2304	133	2
179	528	32	0
180	1630	111	1
181	528	32	0
182	1153	67	1
183	528	32	0
184	1579	108	2
185	528	32	0
186	1153	67	1
187	528	32	0
188	1205	68	1
189	1303	97	2
190	1778	131	2
191	4	3	0
192	994	88	1
193	1778	118	2
194	1473	84	1
195	1778	108	2
196	49	13	0
197	28	7	0
198	1701	102	2
199	528	32	0
200	1153	67	1
201	528	32	0
202	1230	100	1
203	528	32	0
204	1153	67	1
205	528	32	0
206	1381	102	2
207	528	32	0
208	1153	67	1
209	528	32	0
210	1594	110	1
211	528	32	0
212	1205	68	1
213	1673	110	1
214	627	65	1
215	627	47	1
216	627	52	1
217	945	52	1
218	627	42	1
219	627	65	1
220	49	13	0
221	28	7	0
222	1153	67	1
223	528	32	0
224	1777	114	2
225	528	32	0
226	1153	67	1
227	528	32	0
228	1414	105	1
229	528	32	0
230	1153	67	1
231	528	32	0
232	1381	102	2
233	528	32	0
234	1153	67	1
235	528	32	0
236	2062	121	2
237	596	35	1
238	186	8	1
239	627	64	1
240	103	5	1
241	348	48	0
242	709	38	1
243	627	49	1
244	627	48	1
245	627	65	1
246	363	38	0
247	1153	67	1
248	528	32	0
249	1226	100	1
250	528	32	0
251	1153	67	1
252	528	32	0
253	1355	74	2
254	528	32	0
255	1153	67	1
256	528	32	0
257	1381	102	2
258	528	32	0
259	1153	67	1
260	528	32	0
261	1908	109	2
262	528	32	0
263	677	36	1
264	627	50	1
265	627	64	1
266	627	47	1
267	627	65	1
268	627	52	1
269	811	44	1
270	627	46	1
271	49	13	0
272	66	11	0
273	1153	67	1
274	528	32	0
275	1829	114	2
276	528	32	0
277	1153	67	1
278	528	32	0
279	1520	108	1
280	528	32	0
281	1153	67	1
282	528	32	0
283	1348	102	1
284	528	32	0
285	1153	67	1
286	528	32	0
287	1381	102	2
288	528	32	0
289	1119	62	1
290	627	37	1
291	523	58	0
292	627	65	1
293	641	34	1
294	627	51	1
295	627	51	1
296	262	31	0
297	1153	67	1
298	528	32	0
299	1358	78	2
300	528	32	0
301	1153	67	1
302	528	32	0
303	1823	108	2
304	528	32	0
305	1153	67	1
306	528	32	0
307	1630	111	1
308	528	32	0
309	1153	67	1
310	528	32	0
311	1381	102	2
312	528	32	0
313	677	36	1
314	627	50	1
315	1024	107	1
316	627	48	1
317	855	86	2
318	242	32	0
319	1153	67	1
320	528	32	0
321	1957	116	2
322	528	32	0
323	1153	67	1
324	528	32	0
325	1792	115	2
326	528	32	0
327	1153	67	1
328	528	32	0
329	1381	102	2
330	528	32	0
331	1153	67	1
332	528	32	0
333	1332	103	1
334	528	32	0
335	1153	67	1
336	528	32	0
337	983	54	1
338	1251	88	2
339	1498	120	1
340	855	94	2
341	505	26	1
342	888	93	1
343	627	55	1
344	25	10	0
345	627	65	1
346	177	24	0
347	1728	103	2
348	528	32	0
349	1153	67	1
350	528	32	0
351	1381	102	2
352	528	32	0
353	1153	67	1
354	528	32	0
355	1594	110	1
356	528	32	0
357	1153	67	1
358	528	32	0
359	1190	99	1
360	528	32	0
361	1153	67	1
362	528	32	0
363	1381	102	2
364	528	32	0
365	1153	67	1
366	528	32	0
367	1843	116	2
368	528	32	0
369	779	42	1
370	627	47	1
371	627	53	1
372	573	30	1
373	627	53	1
374	182	29	0
375	627	65	1
376	627	44	1
377	3	2	0
378	1153	67	1
379	528	32	0
380	1486	107	1
381	528	32	0
382	1153	67	1
383	528	32	0
384	2024	122	1
385	528	32	0
386	1153	67	1
387	528	32	0
388	1381	102	2
389	528	32	0
390	1153	67	1
391	528	32	0
392	1388	76	2
393	528	32	0
394	1153	67	1
395	528	32	0
396	1907	118	2
397	528	32	0
398	677	36	1
399	627	50	1
400	627	65	1
401	627	65	1
402	627	48	1
403	627	51	1
404	242	32	0
405	1153	67	1
406	528	32	0
407	1558	109	1
408	528	32	0
409	1153	67	1
410	528	32	0
411	2020	122	1
412	528	32	0
413	1153	67	1
414	528	32	0
415	1381	102	2
416	528	32	0
417	1153	67	1
418	528	32	0
419	1951	114	2
420	528	32	0
421	1153	67	1
422	528	32	0
423	1308	79	1
424	528	32	0
425	1119	62	1
426	627	37	1
427	523	58	0
428	627	65	1
429	641	34	1
430	627	51	1
431	627	65	1
432	627	51	1
433	262	31	0
434	1153	67	1
435	528	32	0
436	1827	116	2
437	528	32	0
438	1153	67	1
439	528	32	0
440	1381	102	2
441	528	32	0
442	1153	67	1
443	528	32	0
444	1404	105	1
445	528	32	0
446	1153	67	1
447	528	32	0
448	1406	105	1
449	528	32	0
450	677	36	1
451	627	50	1
452	627	65	1
453	627	47	1
454	627	52	1
455	811	44	1
456	627	46	1
457	627	65	1
458	49	13	0
459	66	11	0
460	1153	67	1
461	528	32	0
462	1513	106	2
463	528	32	0
464	1153	67	1
465	528	32	0
466	1381	102	2
467	528	32	0
468	1153	67	1
469	528	32	0
470	1728	103	2
471	528	32	0
472	1153	67	1
473	528	32	0
474	779	42	1
475	627	47	1
476	627	53	1
477	505	26	1
478	987	94	2
479	182	29	0
480	1266	113	2
481	503	38	0
482	1594	110	1
483	528	32	0
484	1153	67	1
485	528	32	0
486	1190	99	1
487	528	32	0
488	1153	67	1
489	528	32	0
490	1511	105	2
491	528	32	0
492	1051	58	1
493	855	74	2
494	880	99	1
495	573	30	1
496	1431	102	2
497	806	90	1
498	627	65	1
499	177	24	0
500	1153	67	1
501	528	32	0
502	1658	98	2
503	528	32	0
504	1153	67	1
505	528	32	0
506	1622	111	1
507	528	32	0
508	1153	67	1
509	528	32	0
510	1379	101	2
511	528	32	0
512	1153	67	1
513	528	32	0
514	711	38	1
515	627	49	1
516	4	3	0
517	627	65	1
518	627	51	1
519	505	26	1
520	627	55	1
521	266	35	0
522	503	38	0
523	1190	99	1
524	528	32	0
525	1153	67	1
526	528	32	0
527	1967	119	2
528	528	32	0
529	1153	67	1
530	528	32	0
531	1720	112	2
532	528	32	0
533	1153	67	1
534	528	32	0
535	1838	117	1
536	528	32	0
537	677	36	1
538	627	50	1
539	627	65	1
540	627	49	1
541	435	22	1
542	627	57	1
543	625	63	1
544	366	41	0
545	381	30	0
546	1153	67	1
547	528	32	0
548	1379	101	2
549	528	32	0
550	1153	67	1
551	528	32	0
552	1188	99	1
553	528	32	0
554	1153	67	1
555	528	32	0
556	1841	115	2
557	528	32	0
558	1153	67	1
559	528	32	0
560	677	36	1
561	627	50	1
562	627	65	1
563	627	47	1
564	627	51	1
565	945	52	1
566	627	42	1
567	627	65	1
568	402	51	0
569	97	19	0
570	28	7	0
571	1228	100	1
572	528	32	0
573	1153	67	1
574	528	32	0
575	1188	73	1
576	528	32	0
577	1153	67	1
578	528	32	0
579	1478	107	1
580	528	32	0
581	1153	67	1
582	528	32	0
583	2060	120	2
584	528	32	0
585	1153	67	1
586	528	32	0
587	1226	100	1
588	528	32	0
589	2033	120	2
590	1155	68	1
591	119	35	0
592	530	33	0
593	1119	108	2
594	1155	68	1
595	855	91	2
596	530	33	0
597	225	38	0
598	1155	68	1
599	1761	113	2
600	530	33	0
601	1953	115	2
602	1155	68	1
603	1383	103	2
604	530	33	0
605	363	42	0
606	1155	68	1
607	79	34	0
608	530	33	0
609	599	49	1
610	1155	68	1
611	1281	118	3
612	530	33	0
613	1383	103	2
614	1155	68	1
615	873	56	0
616	530	33	0
617	335	41	0
618	1155	68	1
619	696	53	1
620	179	25	0
621	857	83	2
622	629	55	1
623	479	45	0
624	629	54	1
625	1227	75	1
626	575	31	1
627	907	72	2
628	629	66	1
629	119	5	0
630	629	62	1
631	882	72	1
632	629	40	1
633	869	56	0
634	1053	59	1
635	1099	79	1
636	530	33	0
637	1274	84	1
638	1155	68	1
639	1569	99	2
