PBN	Read	Write	Erase
0	6849	3048	57
1	3844	1727	32
2	4071	1818	34
3	1423	650	12
4	5429	2372	46
5	4444	1925	38
6	5137	2274	43
7	811	371	7
8	10100	4415	85
9	3924	1732	33
10	8299	3627	70
11	8519	3778	71
12	1902	859	16
13	5014	2155	43
14	1069	497	9
15	2237	997	19
16	2957	1311	25
17	471	235	4
18	8415	3675	71
19	2623	1176	22
20	11711	5150	98
21	16637	7257	140
22	2013	898	17
23	6968	3103	58
24	4309	1920	36
25	7024	3087	59
26	3468	1553	29
27	4549	2026	38
28	3877	1756	32
29	8006	3524	67
30	4810	2152	40
31	2617	1170	22
32	100	66	1
33	7348	3283	61
34	2280	1032	19
35	5323	2318	45
36	3597	1610	30
37	5367	2379	45
38	8158	3554	69
39	3464	1549	29
40	2870	1287	24
41	209	109	2
42	3803	1687	32
43	3438	1525	29
44	4482	1955	38
45	829	393	7
46	593	293	5
47	3897	1712	33
48	4453	1998	37
49	2109	926	18
50	5464	2399	46
51	1164	526	10
52	10394	4574	87
53	2602	1154	22
54	2611	1170	22
55	7388	3255	62
56	451	215	4
57	10791	4710	91
58	3013	1364	25
59	1289	581	11
60	3591	1602	30
61	4198	1877	35
62	17667	7740	148
63	3513	1529	30
64	10332	4514	87
65	7080	3073	60
66	1406	632	12
67	8781	3832	74
68	2977	1329	25
69	2984	1334	25
70	7041	3099	59
71	455	222	4
72	3819	1698	32
73	4837	2110	41
74	920	414	8
75	4409	1958	37
76	2908	1324	24
77	6690	2946	56
78	2947	1302	25
79	3810	1694	32
80	4194	1867	35
81	2365	1055	20
82	1649	740	14
83	6898	3022	58
84	3152	1371	27
85	2403	1089	20
86	7958	3475	67
87	3722	1605	32
88	2854	1271	24
89	1910	863	16
90	5224	2295	44
91	4458	1934	38
92	3832	1709	32
93	8222	3601	69
94	3995	1738	34
95	6705	2968	56
96	18931	8257	159
97	3424	1507	29
98	9939	4383	83
99	3572	1590	30
100	3183	1396	27
101	8145	3528	69
102	1617	705	14
103	7011	2998	60
104	2168	986	18
105	1071	495	9
106	1199	559	10
107	7756	3404	65
108	6273	2732	53
109	613	313	5
110	7657	3385	64
111	10674	4712	89
112	6964	3026	59
113	2741	1227	23
114	13398	5895	112
115	9889	4338	83
116	3709	1652	31
117	3469	1550	29
118	4174	1849	35
119	8431	3688	71
120	1518	681	13
121	7357	3210	62
122	922	415	8
123	4408	1945	37
124	15447	6795	129
125	3422	1493	29
126	2615	1166	22
127	3235	1452	27
128	2702	1185	23
129	14523	6412	121
130	1894	849	16
131	1146	504	10
132	13677	6032	114
133	12870	5691	107
134	1909	861	16
135	7953	3475	67
136	2955	1307	25
137	2757	1239	23
138	12490	5444	105
139	712	342	6
140	1170	528	10
141	9977	4421	83
142	603	303	5
143	5286	2286	45
144	2837	1255	24
145	321	153	3
146	3208	1421	27
147	8424	3739	70
148	2942	1292	25
149	5245	2315	44
150	2385	1070	20
151	9297	4019	79
152	4150	1822	35
153	3694	1642	31
154	9826	4283	83
155	2751	1236	23
156	2815	1236	24
157	9972	4346	84
158	3329	1477	28
159	1516	671	13
160	3917	1797	32
161	12439	5399	105
162	12287	5382	103
163	1688	781	14
164	6293	2751	53
165	3932	1747	33
166	6637	2905	56
167	7797	3449	65
168	6452	2859	54
169	1990	877	17
170	2955	1302	25
171	6880	3009	58
172	1071	495	9
173	3050	1340	26
174	5369	2367	45
175	10376	4560	87
176	4198	1881	35
177	2911	1330	24
178	10670	4642	90
179	1926	885	16
180	3170	1383	27
181	9587	4165	81
182	8108	3560	68
183	4228	1845	36
184	5583	2519	46
185	5083	2222	43
186	2642	1196	22
187	6759	2943	57
188	1187	547	10
189	2851	1273	24
190	2860	1277	24
191	4156	1836	35
192	2822	1241	24
193	4374	1914	37
194	7161	3094	61
195	7994	3510	67
196	8727	3840	73
197	8626	3741	73
198	794	359	7
199	550	247	5
200	5157	2289	43
201	7510	3301	63
202	2856	1271	24
203	471	235	4
204	3076	1358	26
205	3831	1707	32
206	6429	2832	54
207	3809	1680	32
208	7445	3232	63
209	222	120	2
210	894	390	8
211	4057	1804	34
212	5970	2635	50
213	1082	508	9
214	1178	536	10
215	963	459	8
216	2206	960	19
217	5884	2616	49
218	5687	2487	48
219	5837	2570	49
220	2614	1162	22
221	6201	2728	52
222	3819	1696	32
223	4505	1976	38
224	5470	2398	46
225	3892	1702	33
226	5666	2460	48
227	5027	2232	42
228	2259	1015	19
229	4930	2135	42
230	5381	2308	46
231	4794	2071	41
232	4778	2112	40
233	453	217	4
234	3574	1580	30
235	1525	681	13
236	4118	1791	35
237	4555	1964	39
238	4015	1764	34
239	4548	2022	38
240	3680	1632	31
241	2658	1211	22
242	2618	1172	22
243	2825	1244	24
244	460	227	4
245	3775	1654	32
246	1601	697	14
247	3476	1490	30
248	3285	1434	28
249	3403	1487	29
250	2883	1299	24
251	3308	1460	28
252	2438	1107	20
253	100	66	1
254	2022	908	17
255	1184	546	10
256	2571	1123	22
257	2600	1148	22
258	2445	1067	21
259	2482	1098	21
260	2313	1005	20
261	2229	985	19
262	1877	827	16
263	948	416	8
264	580	274	5
265	1624	709	14
266	1482	638	13
267	1358	583	12
268	1342	564	12
269	457	221	4
270	832	398	7
271	1274	567	11
272	1024	449	9
273	779	338	7
274	653	280	6
275	547	242	5
276	547	242	5
277	429	192	4
278	429	192	4
279	299	130	3
280	189	88	2
281	189	88	2
282	67	34	1
283	0	0	0
284	0	0	0
285	0	0	0
286	0	0	0
287	0	0	0
288	0	0	0
289	0	0	0
290	0	0	0
291	0	0	0
292	0	0	0
293	0	0	0
294	0	0	0
295	0	0	0
296	0	0	0
297	0	0	0
298	0	0	0
299	0	0	0
300	0	0	0
301	0	0	0
302	0	0	0
303	0	0	0
304	0	0	0
305	0	0	0
306	0	0	0
307	0	0	0
308	0	0	0
309	0	0	0
310	0	0	0
311	0	0	0
312	0	0	0
313	0	0	0
314	0	0	0
315	0	0	0
316	0	0	0
317	0	0	0
318	0	0	0
319	0	0	0
320	0	0	0
321	0	0	0
322	0	0	0
323	0	0	0
324	0	0	0
325	0	0	0
326	0	0	0
327	0	0	0
328	0	0	0
329	0	0	0
330	0	0	0
331	0	0	0
332	0	0	0
333	0	0	0
334	0	0	0
335	0	0	0
336	0	0	0
337	0	0	0
338	0	0	0
339	0	0	0
340	0	0	0
341	0	0	0
342	0	0	0
343	0	0	0
344	0	0	0
345	0	0	0
346	0	0	0
347	0	0	0
348	0	0	0
349	0	0	0
350	0	0	0
351	0	0	0
352	0	0	0
353	0	0	0
354	0	0	0
355	0	0	0
356	0	0	0
357	0	0	0
358	0	0	0
359	0	0	0
360	0	0	0
361	0	0	0
362	0	0	0
363	0	0	0
364	0	0	0
365	0	0	0
366	0	0	0
367	0	0	0
368	0	0	0
369	0	0	0
370	0	0	0
371	0	0	0
372	0	0	0
373	0	0	0
374	0	0	0
375	0	0	0
376	0	0	0
377	0	0	0
378	0	0	0
379	0	0	0
380	0	0	0
381	0	0	0
382	0	0	0
383	0	0	0
384	0	0	0
385	0	0	0
386	0	0	0
387	0	0	0
388	0	0	0
389	0	0	0
390	0	0	0
391	0	0	0
392	0	0	0
393	0	0	0
394	0	0	0
395	0	0	0
396	0	0	0
397	0	0	0
398	0	0	0
399	0	0	0
400	0	0	0
401	0	0	0
402	0	0	0
403	0	0	0
404	0	0	0
405	0	0	0
406	0	0	0
407	0	0	0
408	0	0	0
409	0	0	0
410	0	0	0
411	0	0	0
412	0	0	0
413	0	0	0
414	0	0	0
415	0	0	0
416	0	0	0
417	0	0	0
418	0	0	0
419	0	0	0
420	0	0	0
421	0	0	0
422	0	0	0
423	0	0	0
424	0	0	0
425	0	0	0
426	0	0	0
427	0	0	0
428	0	0	0
429	0	0	0
430	0	0	0
431	0	0	0
432	0	0	0
433	0	0	0
434	0	0	0
435	0	0	0
436	0	0	0
437	0	0	0
438	0	0	0
439	0	0	0
440	0	0	0
441	0	0	0
442	0	0	0
443	0	0	0
444	0	0	0
445	0	0	0
446	0	0	0
447	0	0	0
448	0	0	0
449	0	0	0
450	0	0	0
451	0	0	0
452	0	0	0
453	0	0	0
454	0	0	0
455	0	0	0
456	0	0	0
457	0	0	0
458	0	0	0
459	0	0	0
460	0	0	0
461	0	0	0
462	0	0	0
463	0	0	0
464	0	0	0
465	0	0	0
466	0	0	0
467	0	0	0
468	0	0	0
469	0	0	0
470	0	0	0
471	0	0	0
472	0	0	0
473	0	0	0
474	0	0	0
475	0	0	0
476	0	0	0
477	0	0	0
478	0	0	0
479	0	0	0
480	0	0	0
481	0	0	0
482	0	0	0
483	0	0	0
484	0	0	0
485	0	0	0
486	0	0	0
487	0	0	0
488	0	0	0
489	0	0	0
490	0	0	0
491	0	0	0
492	0	0	0
493	0	0	0
494	0	0	0
495	0	0	0
496	0	0	0
497	0	0	0
498	0	0	0
499	0	0	0
500	0	0	0
501	0	0	0
502	0	0	0
503	0	0	0
504	0	0	0
505	0	0	0
506	0	0	0
507	0	0	0
508	0	0	0
509	0	0	0
510	0	0	0
511	0	0	0
512	0	0	0
513	0	0	0
514	0	0	0
515	0	0	0
516	0	0	0
517	0	0	0
518	0	0	0
519	0	0	0
520	0	0	0
521	0	0	0
522	0	0	0
523	0	0	0
524	0	0	0
525	0	0	0
526	0	0	0
527	0	0	0
528	0	0	0
529	0	0	0
530	0	0	0
531	0	0	0
532	0	0	0
533	0	0	0
534	0	0	0
535	0	0	0
536	0	0	0
537	0	0	0
538	0	0	0
539	0	0	0
540	0	0	0
541	0	0	0
542	0	0	0
543	0	0	0
544	0	0	0
545	0	0	0
546	0	0	0
547	0	0	0
548	0	0	0
549	0	0	0
550	0	0	0
551	0	0	0
552	0	0	0
553	0	0	0
554	0	0	0
555	0	0	0
556	0	0	0
557	0	0	0
558	0	0	0
559	0	0	0
560	0	0	0
561	0	0	0
562	0	0	0
563	0	0	0
564	0	0	0
565	0	0	0
566	0	0	0
567	0	0	0
568	0	0	0
569	0	0	0
570	0	0	0
571	0	0	0
572	0	0	0
573	0	0	0
574	0	0	0
575	0	0	0
576	0	0	0
577	0	0	0
578	0	0	0
579	0	0	0
580	0	0	0
581	0	0	0
582	0	0	0
583	0	0	0
584	0	0	0
585	0	0	0
586	0	0	0
587	0	0	0
588	0	0	0
589	1098	498	9
590	2143	935	18
591	12211	5360	102
592	3838	1688	32
593	10569	4646	88
594	999	462	8
595	24566	10697	206
596	1199	526	10
597	1770	759	15
598	992	456	8
599	3227	1411	27
600	6426	2797	54
601	7568	3325	63
602	17643	7760	147
603	3871	1716	32
604	387	186	3
605	16145	7121	134
606	3808	1660	32
607	2050	911	17
608	2219	1010	18
609	10534	4611	88
610	4177	1829	35
611	857	387	7
612	5281	2325	44
613	13471	5932	112
614	3174	1426	26
615	12520	5523	104
616	16661	7374	138
617	16169	7089	135
618	22013	9574	185
619	4758	2144	39
620	2035	900	17
621	1095	495	9
622	2317	1044	19
623	2922	1309	24
624	8849	3937	73
625	3485	1539	29
626	997	464	8
627	4955	2206	41
628	5722	2557	47
629	5660	2505	47
630	13421	5878	112
631	3205	1391	27
632	33	7	0
633	1208	539	10
634	1571	700	13
635	2708	1168	23
636	12564	5504	105
637	9225	4023	77
638	6623	2922	55
639	2556	1145	21
