PBN	Read	Write	Erase
0	1851	704	18
1	1872	722	18
2	1129	441	11
3	2	2	0
4	1856	705	18
5	612	229	6
6	1903	724	18
7	1796	686	17
8	31	16	0
9	29	15	0
10	31	16	0
11	31	16	0
12	29	15	0
13	26	14	0
14	25	13	0
15	22	12	0
16	1598	608	15
17	1754	673	17
18	31	16	0
19	31	16	0
20	31	16	0
21	31	16	0
22	31	16	0
23	31	16	0
24	483	182	4
25	1663	646	16
26	31	16	0
27	31	16	0
28	31	16	0
29	31	16	0
30	31	16	0
31	31	16	0
32	31	16	0
33	448	167	4
34	31	16	0
35	31	16	0
36	31	16	0
37	31	16	0
38	31	16	0
39	31	16	0
40	1587	612	15
41	1165	433	11
42	31	16	0
43	31	16	0
44	31	16	0
45	31	16	0
46	31	16	0
47	1573	599	15
48	1477	587	14
49	31	16	0
50	29	15	0
51	31	16	0
52	31	16	0
53	31	16	0
54	31	16	0
55	1442	533	14
56	780	306	7
57	31	16	0
58	27	14	0
59	31	16	0
60	31	16	0
61	31	16	0
62	31	16	0
63	31	16	0
64	31	16	0
65	1078	408	10
66	1323	501	13
67	31	16	0
68	31	16	0
69	31	16	0
70	31	16	0
71	31	16	0
72	31	16	0
73	1333	501	13
74	1223	472	12
75	31	16	0
76	31	16	0
77	31	16	0
78	31	16	0
79	31	16	0
80	31	16	0
81	31	16	0
82	113	47	1
83	943	353	9
84	31	16	0
85	31	16	0
86	31	16	0
87	31	16	0
88	31	16	0
89	31	16	0
90	31	16	0
91	146	65	1
92	874	336	8
93	31	16	0
94	31	16	0
95	31	16	0
96	31	16	0
97	31	16	0
98	31	16	0
99	31	16	0
100	31	16	0
101	1130	433	11
102	1012	381	10
103	31	16	0
104	31	16	0
105	31	16	0
106	31	16	0
107	31	16	0
108	31	16	0
109	31	16	0
110	31	16	0
111	143	64	1
112	1016	388	10
113	31	16	0
114	31	16	0
115	31	16	0
116	31	16	0
117	31	16	0
118	31	16	0
119	31	16	0
120	31	16	0
121	104	43	1
122	31	16	0
123	29	15	0
124	31	16	0
125	31	16	0
126	31	16	0
127	31	16	0
128	31	16	0
129	31	16	0
130	31	16	0
131	137	60	1
132	102	46	1
133	21	11	0
134	25	13	0
135	23	12	0
136	25	13	0
137	31	16	0
138	28	15	0
139	31	16	0
140	31	16	0
141	31	16	0
142	31	16	0
143	31	16	0
144	864	330	8
145	815	322	8
146	31	16	0
147	29	15	0
148	28	15	0
149	29	15	0
150	29	15	0
151	31	16	0
152	31	16	0
153	31	16	0
154	31	16	0
155	31	16	0
156	637	243	6
157	29	15	0
158	29	15	0
159	29	15	0
160	29	15	0
161	31	16	0
162	28	15	0
163	31	16	0
164	31	16	0
165	31	16	0
166	31	16	0
167	847	327	8
168	698	272	7
169	31	16	0
170	31	16	0
171	31	16	0
172	31	16	0
173	31	16	0
174	31	16	0
175	31	16	0
176	31	16	0
177	113	47	1
178	308	117	3
179	31	16	0
180	31	16	0
181	31	16	0
182	29	15	0
183	31	16	0
184	31	16	0
185	31	16	0
186	619	240	6
187	595	236	6
188	31	16	0
189	31	16	0
190	31	16	0
191	31	16	0
192	31	16	0
193	559	212	5
194	591	228	6
195	31	16	0
196	31	16	0
197	31	16	0
198	31	16	0
199	31	16	0
200	31	16	0
201	31	16	0
202	462	175	4
203	496	199	5
204	31	16	0
205	31	16	0
206	31	16	0
207	31	16	0
208	31	16	0
209	31	16	0
210	31	16	0
211	413	167	4
212	395	165	4
213	31	16	0
214	31	16	0
215	31	16	0
216	31	16	0
217	31	16	0
218	31	16	0
219	31	16	0
220	391	153	4
221	314	123	3
222	31	16	0
223	31	16	0
224	29	15	0
225	27	14	0
226	25	13	0
227	24	13	0
228	25	13	0
229	27	14	0
230	29	15	0
231	31	16	0
232	325	132	3
233	275	110	3
234	25	13	0
235	23	12	0
236	25	13	0
237	23	12	0
238	27	14	0
239	27	14	0
240	25	13	0
241	27	14	0
242	25	13	0
243	31	16	0
244	31	16	0
245	31	16	0
246	290	117	3
247	171	73	2
248	31	16	0
249	31	16	0
250	31	16	0
251	31	16	0
252	31	16	0
253	211	84	2
254	173	74	2
255	31	16	0
256	31	16	0
257	31	16	0
258	31	16	0
259	31	16	0
260	31	16	0
261	188	77	2
262	70	35	1
263	31	16	0
264	31	16	0
265	31	16	0
266	31	16	0
267	31	16	0
268	31	16	0
269	31	16	0
270	31	16	0
271	92	42	1
272	69	35	1
273	25	13	0
274	25	13	0
275	27	14	0
276	26	14	0
277	25	13	0
278	29	15	0
279	29	15	0
280	30	16	0
281	31	16	0
282	29	15	0
283	0	0	0
284	0	0	0
285	0	0	0
286	0	0	0
287	0	0	0
288	0	0	0
289	0	0	0
290	0	0	0
291	0	0	0
292	0	0	0
293	0	0	0
294	0	0	0
295	0	0	0
296	0	0	0
297	0	0	0
298	0	0	0
299	0	0	0
300	0	0	0
301	0	0	0
302	0	0	0
303	0	0	0
304	0	0	0
305	0	0	0
306	0	0	0
307	0	0	0
308	0	0	0
309	0	0	0
310	0	0	0
311	0	0	0
312	0	0	0
313	0	0	0
314	0	0	0
315	0	0	0
316	0	0	0
317	0	0	0
318	0	0	0
319	0	0	0
320	0	0	0
321	0	0	0
322	0	0	0
323	0	0	0
324	0	0	0
325	0	0	0
326	0	0	0
327	0	0	0
328	0	0	0
329	0	0	0
330	0	0	0
331	0	0	0
332	0	0	0
333	0	0	0
334	0	0	0
335	0	0	0
336	0	0	0
337	0	0	0
338	0	0	0
339	0	0	0
340	0	0	0
341	0	0	0
342	0	0	0
343	0	0	0
344	0	0	0
345	0	0	0
346	0	0	0
347	0	0	0
348	0	0	0
349	0	0	0
350	0	0	0
351	0	0	0
352	0	0	0
353	0	0	0
354	0	0	0
355	0	0	0
356	0	0	0
357	0	0	0
358	0	0	0
359	0	0	0
360	0	0	0
361	0	0	0
362	0	0	0
363	0	0	0
364	0	0	0
365	0	0	0
366	0	0	0
367	0	0	0
368	0	0	0
369	0	0	0
370	0	0	0
371	0	0	0
372	0	0	0
373	0	0	0
374	0	0	0
375	0	0	0
376	0	0	0
377	0	0	0
378	0	0	0
379	0	0	0
380	0	0	0
381	0	0	0
382	0	0	0
383	0	0	0
384	0	0	0
385	0	0	0
386	0	0	0
387	0	0	0
388	0	0	0
389	0	0	0
390	0	0	0
391	0	0	0
392	0	0	0
393	0	0	0
394	0	0	0
395	0	0	0
396	0	0	0
397	0	0	0
398	0	0	0
399	0	0	0
400	0	0	0
401	0	0	0
402	0	0	0
403	0	0	0
404	0	0	0
405	0	0	0
406	0	0	0
407	0	0	0
408	0	0	0
409	0	0	0
410	0	0	0
411	0	0	0
412	0	0	0
413	0	0	0
414	0	0	0
415	0	0	0
416	0	0	0
417	0	0	0
418	0	0	0
419	0	0	0
420	0	0	0
421	0	0	0
422	0	0	0
423	0	0	0
424	0	0	0
425	0	0	0
426	0	0	0
427	0	0	0
428	0	0	0
429	0	0	0
430	0	0	0
431	0	0	0
432	0	0	0
433	0	0	0
434	0	0	0
435	0	0	0
436	0	0	0
437	0	0	0
438	0	0	0
439	0	0	0
440	0	0	0
441	0	0	0
442	0	0	0
443	0	0	0
444	0	0	0
445	0	0	0
446	0	0	0
447	0	0	0
448	0	0	0
449	0	0	0
450	0	0	0
451	0	0	0
452	0	0	0
453	0	0	0
454	0	0	0
455	0	0	0
456	0	0	0
457	0	0	0
458	0	0	0
459	0	0	0
460	0	0	0
461	0	0	0
462	0	0	0
463	0	0	0
464	0	0	0
465	0	0	0
466	0	0	0
467	0	0	0
468	0	0	0
469	0	0	0
470	0	0	0
471	0	0	0
472	0	0	0
473	0	0	0
474	0	0	0
475	0	0	0
476	0	0	0
477	0	0	0
478	0	0	0
479	0	0	0
480	0	0	0
481	0	0	0
482	0	0	0
483	0	0	0
484	0	0	0
485	0	0	0
486	0	0	0
487	0	0	0
488	0	0	0
489	0	0	0
490	0	0	0
491	0	0	0
492	0	0	0
493	0	0	0
494	0	0	0
495	0	0	0
496	0	0	0
497	0	0	0
498	0	0	0
499	0	0	0
500	0	0	0
501	0	0	0
502	0	0	0
503	0	0	0
504	0	0	0
505	0	0	0
506	0	0	0
507	0	0	0
508	0	0	0
509	0	0	0
510	0	0	0
511	0	0	0
512	0	0	0
513	0	0	0
514	0	0	0
515	0	0	0
516	0	0	0
517	0	0	0
518	0	0	0
519	0	0	0
520	0	0	0
521	0	0	0
522	0	0	0
523	0	0	0
524	0	0	0
525	0	0	0
526	0	0	0
527	0	0	0
528	0	0	0
529	0	0	0
530	0	0	0
531	0	0	0
532	0	0	0
533	0	0	0
534	0	0	0
535	0	0	0
536	0	0	0
537	0	0	0
538	0	0	0
539	0	0	0
540	0	0	0
541	0	0	0
542	0	0	0
543	0	0	0
544	0	0	0
545	0	0	0
546	0	0	0
547	0	0	0
548	0	0	0
549	0	0	0
550	0	0	0
551	0	0	0
552	0	0	0
553	0	0	0
554	0	0	0
555	0	0	0
556	0	0	0
557	0	0	0
558	0	0	0
559	0	0	0
560	0	0	0
561	0	0	0
562	0	0	0
563	0	0	0
564	0	0	0
565	0	0	0
566	0	0	0
567	0	0	0
568	0	0	0
569	0	0	0
570	0	0	0
571	0	0	0
572	0	0	0
573	0	0	0
574	0	0	0
575	0	0	0
576	0	0	0
577	0	0	0
578	0	0	0
579	0	0	0
580	0	0	0
581	0	0	0
582	0	0	0
583	0	0	0
584	0	0	0
585	0	0	0
586	0	0	0
587	0	0	0
588	0	0	0
589	1289	470	12
590	1775	662	17
591	1401	520	13
592	1622	595	15
593	1643	612	15
594	153	50	1
595	345	125	3
596	459	163	4
597	1790	679	17
598	798	291	7
599	1779	659	17
600	1493	547	14
601	362	128	3
602	1185	449	11
603	1774	664	17
604	435	156	4
605	973	346	9
606	1891	709	18
607	55	16	0
608	1302	476	12
609	1863	679	18
610	651	232	6
611	987	364	9
612	1288	486	12
613	243	93	2
614	251	86	2
615	1896	712	18
616	458	172	4
617	1778	664	17
618	1085	404	10
619	1408	515	13
620	898	342	8
621	1829	687	17
622	540	197	5
623	874	324	8
624	142	46	1
625	133	51	1
626	1874	693	18
627	1201	445	11
628	1889	706	18
629	466	164	4
630	1886	704	18
631	1812	667	17
632	789	290	7
633	561	200	5
634	1793	686	17
635	1783	667	17
636	1415	540	13
637	334	115	3
638	1888	711	18
639	240	83	2
