PBN	Read	Write	Erase
0	1525	664	14
1	2370	1018	21
2	1131	470	10
3	2370	1017	21
4	1475	617	13
5	2460	1074	21
6	881	384	8
7	2310	989	21
8	2394	1009	21
9	2199	928	19
10	1830	774	16
11	2338	1017	21
12	1964	842	17
13	2375	1022	21
14	2427	1042	21
15	2447	1062	21
16	2467	1082	21
17	2443	1058	21
18	2501	1116	21
19	2521	1136	21
20	2541	1156	21
21	1867	877	15
22	394	196	3
23	2451	1130	21
24	628	298	5
25	2133	977	18
26	2462	1109	21
27	2514	1129	21
28	148	83	1
29	1315	622	11
30	850	389	7
31	2388	1068	21
32	493	230	4
33	255	123	2
34	2350	1029	21
35	2434	1049	21
36	1047	453	9
37	1355	595	12
38	700	304	6
39	2321	1000	21
40	2388	1003	21
41	2100	887	18
42	2446	1061	21
43	2466	1081	21
44	2466	1080	21
45	1201	541	10
46	969	441	8
47	2377	1055	21
48	1550	693	13
49	2416	1063	21
50	1631	707	14
51	2418	1065	21
52	1526	668	13
53	2419	1066	21
54	2471	1086	21
55	2491	1106	21
56	2511	1126	21
57	2531	1146	21
58	395	197	3
59	2490	1137	21
60	1926	870	16
61	2494	1141	21
62	146	80	1
63	575	277	5
64	2456	1103	21
65	2019	897	17
66	2229	1007	19
67	2448	1095	21
68	258	126	2
69	2438	1085	21
70	474	210	4
71	2430	1077	21
72	819	357	7
73	2425	1072	21
74	2477	1092	21
75	1812	822	15
76	1328	602	11
77	721	325	6
78	2337	1048	21
79	1066	472	9
80	2380	1026	21
81	1231	572	10
82	2386	1033	21
83	2097	909	18
84	1407	615	12
85	2340	1019	21
86	2424	1039	21
87	2444	1059	21
88	973	445	8
89	2391	1037	21
90	1200	540	10
91	2390	1036	21
92	2458	1073	21
93	2478	1093	21
94	401	203	3
95	2437	1084	21
96	147	81	1
97	2426	1073	21
98	2463	1077	21
99	1906	852	16
100	1557	699	13
101	622	292	5
102	2338	1049	21
103	261	129	2
104	2392	1039	21
105	2444	1059	21
106	2464	1079	21
107	484	220	4
108	2424	1071	21
109	2476	1091	21
110	2496	1111	21
111	2516	1131	21
112	847	385	7
113	2479	1126	21
114	32	32	0
115	1857	833	16
116	2451	1098	21
117	710	314	6
118	2445	1092	21
119	2497	1112	21
120	2031	909	17
121	2470	1117	21
122	1079	485	9
123	1281	587	11
124	2446	1093	21
125	2266	1012	19
126	2453	1100	21
127	1830	840	15
128	2456	1103	21
129	1009	481	8
130	148	82	1
131	344	178	3
132	1337	609	12
133	2372	1019	21
134	2424	1039	21
135	1195	535	10
136	2390	1037	21
137	2442	1057	21
138	264	132	2
139	2386	1032	21
140	607	277	5
141	2053	897	18
142	2379	1026	21
143	2431	1046	21
144	494	230	4
145	2391	1038	21
146	2443	1058	21
147	32	32	0
148	2461	1077	21
149	1540	683	13
150	1621	730	14
151	2396	1043	21
152	849	388	7
153	2402	1050	21
154	2453	1069	21
155	734	339	6
156	2413	1061	21
157	1418	629	12
158	2475	1092	21
159	2493	1110	21
160	2511	1128	21
161	2529	1146	21
162	2547	1164	21
163	144	79	1
164	1042	482	9
165	2476	1125	21
166	374	177	3
167	1860	838	16
168	1293	569	11
169	2391	1072	21
170	2473	1090	21
171	2491	1108	21
172	253	122	2
173	2448	1096	21
174	2016	895	17
175	2451	1099	21
176	1437	646	12
177	609	279	5
178	1148	521	10
179	2367	1047	21
180	491	227	4
181	1692	735	15
182	2372	1020	21
183	2423	1039	21
184	2210	957	19
185	2396	1044	21
186	2447	1063	21
187	2449	1065	21
188	1439	648	12
189	2521	1137	21
190	2540	1156	21
191	890	428	7
192	32	32	0
193	2099	976	18
194	739	343	6
195	2397	1077	21
196	1561	704	13
197	137	71	1
198	2158	944	19
199	1656	733	14
200	2407	1055	21
201	2469	1086	21
202	375	177	3
203	2426	1075	21
204	2476	1093	21
205	1738	782	15
206	1089	495	9
207	257	125	2
208	2163	973	19
209	946	418	8
210	2282	1029	19
211	1298	574	11
212	2455	1102	21
213	1309	583	11
214	2441	1088	21
215	624	294	5
216	2434	1081	21
217	501	237	4
218	2375	1054	21
219	2459	1074	21
220	1900	844	16
221	2459	1106	21
222	1198	538	10
223	2457	1104	21
224	1428	636	12
225	32	32	0
226	2391	1071	21
227	2463	1078	21
228	2493	1109	21
229	2028	906	17
230	1805	815	15
231	138	72	1
232	2353	1065	21
233	2468	1084	21
234	729	333	6
235	2429	1077	21
236	843	381	7
237	2423	1071	21
238	381	183	3
239	2413	1061	21
240	2464	1080	21
241	2483	1099	21
242	260	128	2
243	2440	1088	21
244	2491	1107	21
245	1550	692	13
246	2449	1096	21
247	2510	1126	21
248	1692	768	14
249	1102	508	9
250	2414	1093	21
251	2144	956	18
252	996	468	8
253	639	309	5
254	511	247	4
255	2286	1030	21
256	2433	1049	21
257	2452	1068	21
258	32	32	0
259	2407	1055	21
260	1288	562	11
261	2405	1053	21
262	2456	1072	21
263	2475	1091	21
264	2494	1110	21
265	139	73	1
266	2432	1078	21
267	1190	530	10
268	2439	1086	21
269	2491	1106	21
270	2509	1124	21
271	1443	651	12
272	2484	1132	21
273	750	354	6
274	387	189	3
275	1812	820	16
276	2432	1080	21
277	263	131	2
278	780	350	7
279	2396	1044	21
280	2430	1046	21
281	2449	1065	21
282	2485	1101	21
283	1784	794	15
284	2455	1103	21
285	2023	901	17
286	2459	1107	21
287	2510	1126	21
288	2523	1138	21
289	2318	1057	19
290	2539	1154	21
291	2281	963	20
292	457	225	4
293	562	264	5
294	1028	466	9
295	1499	673	13
296	945	417	8
297	2369	1049	21
298	2452	1068	21
299	140	74	1
300	2295	976	20
301	2342	1021	21
302	1624	700	14
303	2401	1049	21
304	2445	1060	21
305	2471	1087	21
306	1315	589	11
307	2437	1085	21
308	2462	1077	21
309	2144	956	18
310	2436	1083	21
311	385	187	3
312	1176	548	10
313	258	126	2
314	2367	1047	21
315	704	308	6
316	2322	1004	20
317	2345	1025	21
318	2398	1012	21
319	2424	1039	21
320	817	355	7
321	2409	1057	21
322	1388	596	12
323	2408	1056	21
324	2459	1075	21
325	2476	1093	21
326	2475	1090	21
327	2519	1134	21
328	1934	878	16
329	2472	1120	21
330	508	244	4
331	2482	1131	21
332	618	288	5
333	2473	1122	21
334	150	84	1
335	2460	1109	21
336	1795	805	15
337	2461	1110	21
338	1083	489	9
339	959	431	8
340	2152	964	19
341	2468	1083	21
342	2470	1084	21
343	2511	1127	21
344	1576	718	13
345	2479	1127	21
346	2530	1146	21
347	408	210	3
348	278	146	2
349	1518	662	13
350	2231	1008	20
351	2460	1076	21
352	1655	731	14
353	1307	581	11
354	2245	990	20
355	710	314	6
356	2418	1066	21
357	2469	1085	21
358	1192	532	10
359	2434	1082	21
360	845	383	7
361	1936	846	17
362	2413	1061	21
363	2464	1080	21
364	2483	1099	21
365	2502	1118	21
366	2158	970	18
367	518	254	4
368	151	85	1
369	1343	615	12
370	2362	1043	21
371	602	272	5
372	2371	1019	21
373	2420	1037	21
374	2458	1074	21
375	2477	1093	21
376	2492	1107	21
377	2515	1131	21
378	2534	1150	21
379	2553	1169	21
380	995	467	8
381	1072	510	9
382	32	32	0
383	1841	849	16
384	249	117	2
385	320	154	3
386	2354	1034	21
387	2437	1053	21
388	2456	1072	21
389	1777	787	15
390	2426	1074	21
391	2475	1092	21
392	2482	1097	21
393	1806	818	15
394	731	335	6
395	2388	1067	21
396	2463	1078	21
397	2483	1099	21
398	1347	621	11
399	2449	1097	21
400	873	411	7
401	2206	986	19
402	152	86	1
403	1159	531	10
404	1603	711	14
405	497	233	4
406	2348	1028	21
407	2190	938	19
408	2450	1066	21
409	617	287	5
410	1935	845	17
411	2456	1071	21
412	2476	1091	21
413	2486	1103	21
414	2455	1102	21
415	32	32	0
416	1394	634	12
417	2422	1069	21
418	2474	1089	21
419	252	120	2
420	2432	1079	21
421	358	160	3
422	2423	1070	21
423	2475	1090	21
424	940	412	8
425	2077	921	18
426	1058	464	9
427	2423	1072	21
428	2469	1084	21
429	2489	1104	21
430	2275	1022	19
431	2362	1075	20
432	2496	1111	21
433	752	356	6
434	2458	1105	21
435	1965	910	16
436	153	87	1
437	2408	1090	21
438	2508	1124	21
439	1846	857	15
440	2248	1028	19
441	870	408	7
442	507	243	4
443	1493	699	13
444	2439	1088	21
445	1329	603	11
446	2434	1084	21
447	632	302	5
448	32	32	0
449	1095	499	10
450	2362	1010	21
451	2411	1028	21
452	2430	1047	21
453	2457	1075	21
454	255	123	2
455	2413	1063	21
456	2463	1081	21
457	364	166	3
458	2420	1070	21
459	2453	1071	21
460	2471	1089	21
461	2023	902	17
462	2450	1099	21
463	1445	653	12
464	2449	1098	21
465	976	448	8
466	2444	1093	21
467	2495	1112	21
468	1103	509	9
469	2459	1108	21
470	154	88	1
471	2450	1100	21
472	2500	1118	21
473	742	346	6
474	2457	1106	21
475	2133	947	18
476	2524	1141	21
477	2543	1160	21
478	2201	1013	18
479	517	253	4
480	2456	1137	21
481	32	32	0
482	2475	1124	21
483	838	376	7
484	2469	1118	21
485	2150	964	18
486	615	285	5
487	2462	1111	21
488	1928	872	16
489	258	126	2
490	2403	1084	21
491	1797	807	15
492	1306	580	11
493	370	172	3
494	1123	495	10
495	1423	629	13
496	2314	995	21
497	2397	1014	21
498	2416	1033	21
499	2435	1052	21
500	2454	1071	21
501	2473	1090	21
502	2492	1109	21
503	2511	1128	21
504	155	89	1
505	2467	1116	21
506	2421	1102	20
507	981	453	8
508	2481	1130	21
509	2403	1084	20
510	1468	676	12
511	1117	523	9
512	763	367	6
513	2357	1070	21
514	32	32	0
515	1595	703	14
516	2392	1040	21
517	495	231	4
518	1928	838	17
519	2369	1017	21
520	2444	1060	21
521	2368	1049	20
522	2330	1010	20
523	866	404	7
524	261	129	2
525	568	270	5
526	2357	1038	21
527	2440	1057	21
528	2459	1076	21
529	376	178	3
530	2417	1066	21
531	2311	992	20
532	2236	982	19
533	2367	1063	20
534	2417	1095	20
535	2533	1150	21
536	2191	1003	18
537	1210	550	10
538	156	90	1
539	1226	564	11
540	2303	1048	20
541	2354	1035	20
542	1571	715	13
543	1882	859	16
544	1796	807	15
545	2257	1003	20
546	2336	1018	20
547	2306	1056	19
548	997	470	8
549	2237	983	20
550	1539	683	13
551	778	383	6
552	2295	1009	20
553	529	266	4
554	2284	998	20
555	1098	505	9
556	2278	992	20
557	2087	900	18
558	283	152	2
559	2236	982	20
560	2318	1000	20
561	2336	1018	20
562	630	301	5
563	2294	1008	20
564	395	198	3
565	788	359	7
566	1579	688	14
567	2237	951	20
568	2263	944	20
569	2305	987	20
570	2323	1005	20
571	163	98	1
572	2277	991	20
573	2327	1009	20
574	2322	1003	20
575	2363	1045	20
576	2381	1063	20
577	2399	1081	20
578	2417	1099	20
579	2435	1117	20
580	1693	772	14
581	2398	1112	20
582	1351	626	11
583	2394	1108	20
584	2444	1126	20
585	2462	1144	20
586	2480	1162	20
587	1635	778	13
588	1042	515	8
589	532	233	5
590	138	71	1
591	2361	1041	20
592	2310	1022	20
593	341	174	3
594	34	33	0
595	2384	1064	20
596	2333	1045	20
597	984	455	8
598	2338	1050	20
599	747	350	6
600	2345	1057	20
601	1279	616	11
602	281	148	2
603	536	271	4
604	2437	1117	20
605	2386	1098	20
606	1268	607	10
607	2421	1101	20
608	2380	1059	20
609	2352	1064	20
610	2165	957	18
611	2359	1039	20
612	2340	1020	20
613	2321	1001	20
614	2270	982	20
615	1653	728	14
616	2269	981	20
617	1975	852	17
618	34	33	0
619	2301	982	20
620	34	33	0
621	2265	946	20
622	2215	928	20
623	779	349	7
624	165	99	1
625	2287	968	20
626	2269	950	20
627	2155	932	20
628	580	282	5
629	400	202	3
630	1804	812	16
631	1105	511	9
632	1745	787	15
633	1440	648	12
634	2172	984	18
635	2354	1067	20
636	286	154	2
637	2303	1080	20
638	734	370	6
639	537	273	4
