PBN	Read	Write	Erase
0	3261	1454	28
1	134	68	1
2	3032	1352	26
3	3239	1465	28
4	3293	1456	28
5	3340	1504	28
6	3353	1513	28
7	3363	1524	28
8	3162	1388	27
9	32	6	0
10	844	383	7
11	3097	1353	27
12	248	116	2
13	3293	1489	28
14	3054	1355	26
15	3089	1381	26
16	3153	1415	27
17	2905	1267	25
18	1976	861	17
19	3030	1394	25
20	3098	1390	27
21	3046	1367	27
22	2668	1194	23
23	3181	1409	27
24	3171	1404	27
25	3370	1535	28
26	3089	1411	27
27	3163	1395	27
28	3191	1455	27
29	627	299	5
30	925	431	8
31	3116	1378	27
32	3206	1435	27
33	3195	1424	27
34	2474	1099	21
35	399	202	3
36	2928	1288	25
37	147	82	1
38	3143	1438	27
39	3253	1482	27
40	705	311	6
41	3156	1382	27
42	3275	1507	27
43	3187	1484	26
44	3289	1521	27
45	1372	648	11
46	3116	1471	26
47	3263	1494	27
48	260	129	2
49	2834	1357	23
50	873	413	7
51	493	231	4
52	1315	596	11
53	1314	594	11
54	2268	1088	18
55	3203	1435	27
56	3217	1481	27
57	3049	1343	26
58	3061	1323	27
59	3148	1413	27
60	817	390	7
61	3261	1490	27
62	3157	1453	27
63	3033	1354	27
64	998	474	8
65	3228	1458	27
66	3290	1518	27
67	3250	1481	27
68	149	84	1
69	3216	1445	27
70	2956	1320	25
71	3138	1368	27
72	3150	1411	27
73	3254	1484	27
74	3210	1472	27
75	3250	1481	27
76	1241	585	10
77	3181	1439	27
78	3284	1514	27
79	666	337	5
80	3112	1436	26
81	271	139	2
82	480	217	4
83	3226	1452	27
84	2397	1153	19
85	3207	1463	27
86	3261	1488	27
87	3151	1378	27
88	847	387	7
89	3107	1398	27
90	3148	1406	27
91	726	331	6
92	2467	1157	20
93	3177	1404	27
94	2648	1172	23
95	3183	1408	27
96	3142	1369	27
97	3121	1420	26
98	3223	1457	27
99	3195	1422	27
100	3103	1396	27
101	3195	1424	27
102	3177	1402	27
103	503	242	4
104	3027	1381	25
105	3144	1405	27
106	2286	1041	19
107	3160	1424	27
108	2673	1232	22
109	2998	1427	24
110	2944	1370	24
111	2209	996	19
112	3111	1403	27
113	1500	715	12
114	1967	921	16
115	282	151	2
116	2997	1366	25
117	3066	1398	26
118	3194	1454	27
119	3243	1471	27
120	2421	1108	20
121	1858	876	15
122	3343	1571	27
123	529	267	4
124	3215	1477	27
125	3274	1502	27
126	3178	1437	27
127	750	356	6
128	3042	1368	26
129	3244	1471	27
130	3097	1423	26
131	2803	1227	25
132	3100	1328	27
133	2103	924	18
134	3032	1326	26
135	3172	1400	27
136	3172	1462	27
137	3105	1401	26
138	2660	1216	22
139	349	153	3
140	2687	1211	23
141	3161	1419	27
142	2061	946	17
143	1319	597	11
144	3233	1464	27
145	3094	1387	27
146	2918	1346	24
147	1943	927	16
148	2264	1085	18
149	269	138	2
150	832	376	7
151	3168	1391	27
152	3136	1392	27
153	2749	1239	23
154	596	269	5
155	3135	1395	27
156	1298	643	10
157	2831	1353	23
158	1181	524	10
159	3103	1327	27
160	3124	1348	27
161	1732	778	15
162	3110	1401	27
163	867	409	7
164	737	345	6
165	3162	1420	27
166	3129	1358	27
167	3145	1374	27
168	3201	1430	27
169	3156	1383	27
170	3114	1372	27
171	3225	1454	27
172	3218	1446	27
173	3162	1423	27
174	3078	1338	27
175	3154	1415	27
176	1442	656	12
177	3145	1404	27
178	1077	487	9
179	3204	1431	27
180	3110	1399	26
181	1376	654	11
182	276	145	2
183	1623	768	14
184	3292	1518	27
185	2065	949	17
186	3145	1441	26
187	3261	1491	27
188	2404	1090	20
189	3163	1388	27
190	3213	1437	27
191	2884	1271	25
192	1364	643	11
193	1278	623	10
194	777	383	6
195	3142	1436	26
196	3168	1392	27
197	3256	1483	27
198	3186	1412	27
199	2999	1322	26
200	3157	1413	27
201	3210	1434	27
202	32	32	0
203	1372	615	12
204	3054	1310	27
205	2005	889	17
206	3067	1389	26
207	3053	1340	27
208	3262	1488	27
209	3217	1442	27
210	884	426	7
211	1423	635	12
212	3060	1352	26
213	500	237	4
214	3149	1442	26
215	3230	1454	27
216	257	126	2
217	3031	1387	26
218	3145	1378	27
219	2824	1247	24
220	1195	540	10
221	2205	1023	18
222	2246	1030	19
223	1126	536	9
224	3079	1367	27
225	3081	1381	26
226	3118	1374	27
227	3163	1419	27
228	3209	1433	27
229	3057	1376	27
230	3221	1444	27
231	397	199	3
232	1489	666	13
233	3251	1474	27
234	1017	492	8
235	758	364	6
236	3049	1337	27
237	3176	1400	27
238	754	361	6
239	2111	960	18
240	3198	1420	27
241	2929	1348	25
242	2435	1120	20
243	163	98	1
244	2488	1176	21
245	3239	1463	27
246	3122	1411	26
247	637	309	5
248	3196	1451	27
249	3241	1464	27
250	270	139	2
251	2415	1063	21
252	1765	809	15
253	3185	1439	27
254	3240	1462	27
255	3020	1374	25
256	1716	794	14
257	632	304	5
258	1863	874	16
259	3218	1474	27
260	2649	1201	22
261	3196	1419	27
262	3162	1387	27
263	3211	1436	27
264	1364	641	11
265	1114	523	9
266	417	221	3
267	3138	1361	27
268	3119	1341	27
269	3247	1473	27
270	3231	1454	27
271	291	160	2
272	3135	1392	27
273	1810	856	15
274	2013	895	17
275	3053	1278	27
276	163	98	1
277	2978	1373	25
278	1555	700	14
279	2091	938	18
280	3179	1436	27
281	2253	1003	19
282	3117	1406	27
283	3256	1481	27
284	2595	1147	22
285	3124	1419	26
286	3226	1451	27
287	3132	1357	27
288	3157	1381	27
289	3183	1407	27
290	1868	882	15
291	378	182	3
292	3143	1432	27
293	3096	1417	27
294	2013	926	17
295	2438	1122	20
296	1477	689	12
297	611	283	5
298	3279	1504	27
299	1774	854	14
300	3070	1327	27
301	3162	1385	27
302	1043	485	9
303	950	426	8
304	1074	483	9
305	2636	1186	23
306	1313	590	11
307	1824	803	16
308	965	440	8
309	3055	1343	27
310	141	75	1
311	662	300	6
312	3161	1385	27
313	3089	1313	27
314	3143	1367	27
315	3164	1388	27
316	3067	1360	26
317	1158	501	10
318	3129	1385	27
319	3186	1410	27
320	1454	665	12
321	3209	1465	27
322	3149	1406	27
323	3147	1404	27
324	163	98	1
325	3148	1433	27
326	1075	484	9
327	3073	1328	27
328	3237	1461	27
329	3226	1450	27
330	3198	1421	27
331	3175	1431	27
332	2237	1016	19
333	1896	844	16
334	2557	1174	21
335	398	201	3
336	3131	1419	27
337	3217	1441	27
338	3144	1370	27
339	3126	1421	26
340	3153	1449	26
341	3256	1482	27
342	3126	1384	27
343	149	84	1
344	2986	1272	27
345	3143	1369	27
346	2502	1129	21
347	1424	669	12
348	1330	609	11
349	3128	1354	27
350	2969	1319	27
351	1201	545	10
352	3179	1403	27
353	2360	1045	20
354	863	405	7
355	624	297	5
356	1155	532	10
357	2995	1318	27
358	3107	1334	27
359	3018	1310	26
360	3127	1351	27
361	3149	1374	27
362	1569	716	13
363	3063	1360	26
364	1417	662	12
365	3162	1385	27
366	3146	1431	27
367	3200	1423	27
368	3247	1471	27
369	414	218	3
370	3047	1375	26
371	3234	1455	27
372	3271	1494	27
373	2205	1019	18
374	3212	1465	27
375	3268	1489	27
376	3201	1454	27
377	3234	1488	27
378	2109	990	17
379	500	238	4
380	3026	1350	26
381	1903	854	16
382	3173	1469	26
383	977	452	8
384	2237	1018	19
385	3182	1435	27
386	3238	1459	27
387	859	400	7
388	1353	631	11
389	3081	1336	27
390	2497	1146	21
391	1685	764	14
392	3105	1361	27
393	3176	1399	27
394	3107	1363	27
395	3186	1445	27
396	3049	1375	26
397	3133	1358	27
398	3133	1462	26
399	378	182	3
400	3105	1430	26
401	3195	1420	27
402	1915	862	16
403	1597	742	13
404	3169	1458	27
405	1452	663	12
406	3165	1421	27
407	2400	1083	20
408	3038	1359	26
409	164	98	1
410	32	32	0
411	3111	1432	27
412	3180	1403	27
413	3202	1425	27
414	500	238	4
415	371	174	3
416	3217	1441	27
417	3238	1462	27
418	3256	1479	27
419	3259	1483	27
420	2783	1239	24
421	1065	505	9
422	971	445	8
423	3122	1410	27
424	608	279	5
425	3262	1486	27
426	2180	994	18
427	3228	1484	27
428	3170	1426	27
429	3201	1457	27
430	2081	961	17
431	1335	611	11
432	3073	1361	27
433	1297	606	11
434	3139	1396	27
435	868	408	7
436	3182	1438	27
437	1206	548	10
438	3181	1437	27
439	2258	1006	19
440	1669	747	14
441	1750	794	15
442	3253	1476	27
443	32	32	0
444	101	67	1
445	3090	1346	27
446	3171	1395	27
447	3194	1417	27
448	724	329	6
449	2492	1107	21
450	490	227	4
451	3113	1368	27
452	1186	527	10
453	1502	676	13
454	1833	809	16
455	255	123	2
456	3085	1343	27
457	3203	1428	27
458	3223	1448	27
459	3216	1441	27
460	986	459	8
461	3087	1375	26
462	3061	1382	26
463	1074	513	9
464	3069	1359	27
465	630	300	5
466	2377	1093	20
467	3186	1414	27
468	3050	1371	26
469	3199	1494	26
470	3203	1430	27
471	3256	1483	27
472	3146	1407	27
473	3202	1428	27
474	3278	1506	27
475	1086	495	9
476	32	32	0
477	3003	1294	27
478	733	340	6
479	3065	1391	26
480	3175	1401	27
481	3239	1499	27
482	3056	1348	27
483	1695	775	14
484	3304	1533	27
485	141	75	1
486	534	272	4
487	2302	1086	19
488	3228	1487	27
489	276	145	2
490	3166	1427	27
491	3184	1411	27
492	1800	814	15
493	3208	1467	27
494	2050	932	17
495	3243	1505	27
496	3129	1424	26
497	637	309	5
498	1590	735	13
499	3061	1354	26
500	2580	1202	21
501	1000	476	8
502	3157	1418	27
503	2453	1141	20
504	3192	1419	27
505	3202	1431	27
506	3239	1466	27
507	3208	1436	27
508	3106	1398	26
509	32	32	0
510	3074	1366	27
511	3056	1381	26
512	885	426	7
513	521	259	4
514	3213	1472	27
515	3212	1435	27
516	481	219	4
517	3183	1409	27
518	1684	764	14
519	3216	1445	27
520	3030	1356	26
521	3135	1393	27
522	1431	675	12
523	271	140	2
524	3157	1385	27
525	1647	727	14
526	3128	1423	26
527	3205	1431	27
528	3214	1439	27
529	3194	1422	27
530	3063	1387	26
531	3106	1364	27
532	3277	1505	27
533	3215	1474	27
534	3215	1439	27
535	1871	884	15
536	3113	1404	26
537	3058	1349	26
538	292	161	2
539	3030	1353	26
540	943	417	8
541	3034	1359	26
542	32	32	0
543	1492	669	13
544	1034	441	9
545	2674	1191	23
546	2953	1246	26
547	3130	1383	27
548	2499	1117	21
549	3132	1388	27
550	840	379	7
551	3127	1383	27
552	2470	1122	21
553	2991	1384	25
554	3129	1352	27
555	3195	1418	27
556	3194	1456	27
557	2482	1172	20
558	3218	1448	27
559	3109	1428	27
560	1325	603	11
561	2428	1111	20
562	2668	1223	22
563	3078	1332	27
564	3186	1409	27
565	1466	678	12
566	3081	1400	27
567	3086	1375	27
568	872	412	7
569	2960	1252	26
570	3015	1306	26
571	2940	1362	24
572	2631	1254	21
573	774	380	6
574	3061	1359	26
575	32	32	0
576	3092	1380	27
577	3177	1401	27
578	3119	1408	27
579	972	446	8
580	3156	1448	27
581	1562	710	13
582	3090	1385	27
583	3003	1296	26
584	377	180	3
585	1738	784	15
586	3152	1410	27
587	1553	699	13
588	857	397	7
589	3206	1435	27
590	1452	663	12
591	2960	1284	26
592	2942	1333	25
593	3087	1375	26
594	2941	1296	25
595	1394	604	12
596	2507	1130	21
597	3111	1373	27
598	487	223	4
599	3033	1360	26
600	3133	1428	26
601	3042	1371	26
602	269	137	2
603	3174	1433	27
604	3076	1372	26
605	1715	794	14
606	3249	1477	27
607	3232	1460	27
608	3009	1365	26
609	388	190	3
610	1001	474	8
611	2795	1284	23
612	1953	902	16
613	1327	602	11
614	3100	1389	26
615	2839	1330	23
616	3133	1459	26
617	754	359	6
618	3125	1418	26
619	3207	1465	27
620	34	33	0
621	3188	1478	27
622	1482	692	12
623	3172	1400	27
624	3161	1387	27
625	2948	1331	26
626	3303	1530	27
627	3284	1512	27
628	3267	1495	27
629	3163	1458	26
630	3179	1408	27
631	3078	1371	26
632	3094	1390	26
633	3074	1366	27
634	475	211	4
635	3141	1400	27
636	262	130	2
637	3200	1460	27
638	3060	1354	26
639	3079	1339	27
